Multiple size <= 100
TEST 1 ARG:30 12 23 37 80 55 50 53 52 59 63 65 40 26 42 46 17 33 39 5 77 1 72 89 15 11 66 67 98 71 16 36 19 18 21 14 94 93 56 96 74 76 78 97 38 73 24 92 43 7 60 81 57 32 25 84 9 62 28 83 61 13 90 70 75 0 41 86 29 8 95 4 68 35 88 54 87 27 3 69 31 85 47 99 45 10 34 22 49 51 2 44 82 6 48 91 20 64 79 58 
TEST 2 ARG:44 74 33 52 90 42 1 0 50 49 71 2 22 83 80 89 20 75 53 79 84 98 77 43 3 46 24 12 65 29 60 55 81 85 68 14 93 69 87 82 26 94 95 63 21 72 48 11 19 40 13 16 51 73 86 61 35 78 56 34 32 30 96 27 5 8 41 37 57 25 88 92 4 39 18 45 58 31 36 66 9 70 6 7 54 15 23 28 59 91 47 17 67 62 97 99 10 76 38 64 
TEST 3 ARG:62 78 33 86 30 77 58 34 32 94 48 87 88 31 93 85 28 71 46 15 29 21 64 72 16 97 49 3 5 39 53 13 36 22 60 65 47 23 12 0 19 66 50 84 38 75 63 17 82 41 6 37 67 61 70 99 83 95 54 74 25 52 96 56 20 59 43 24 98 73 7 11 35 90 92 79 91 68 57 80 8 45 18 4 27 1 42 9 89 51 44 76 26 2 55 81 69 10 14 40 
TEST 4 ARG:72 20 60 57 36 65 87 19 93 90 67 92 49 99 58 10 97 24 35 12 25 30 21 33 63 38 98 29 91 46 70 74 27 44 64 26 47 3 85 2 23 51 41 16 68 28 39 40 31 54 95 14 52 17 6 66 61 56 48 75 59 37 77 81 4 9 83 79 71 55 8 94 11 69 22 45 43 96 42 73 0 62 15 34 86 5 76 1 84 32 78 82 53 13 88 50 7 89 18 80 
TEST 5 ARG:6 58 64 44 54 17 53 73 20 35 9 94 99 57 42 88 51 3 97 77 31 8 13 49 61 84 78 24 90 75 23 1 98 40 96 47 70 46 22 5 95 52 10 89 19 72 66 33 2 82 93 62 55 45 76 27 38 21 80 50 86 59 63 74 81 25 26 37 67 68 4 69 92 7 71 16 30 79 36 32 48 28 0 18 91 11 14 41 56 29 39 85 34 43 15 60 83 87 12 65 
TEST 6 ARG:18 42 31 32 43 94 49 78 24 1 3 79 0 60 41 58 35 65 52 22 8 91 51 23 83 73 88 5 62 38 64 48 96 90 16 46 14 76 74 44 6 93 75 95 26 69 57 12 2 25 77 98 7 99 4 82 61 34 45 21 53 9 19 30 47 17 80 63 54 29 20 70 56 87 68 27 59 37 28 86 81 15 13 71 39 97 66 40 89 92 67 72 33 55 36 50 85 11 84 10 
TEST 7 ARG:32 81 77 48 85 54 33 6 63 26 78 0 75 10 79 68 84 35 44 37 93 20 16 5 74 42 95 21 53 67 86 56 82 36 39 4 80 2 41 62 45 14 13 46 9 96 47 15 61 34 58 11 24 40 31 83 8 30 12 94 18 52 65 19 25 76 49 3 7 23 38 28 70 29 57 60 17 27 73 97 90 50 1 88 99 59 69 51 55 91 22 71 89 92 98 64 72 66 43 87 
TEST 8 ARG:95 41 13 46 8 57 50 26 60 7 93 14 19 85 36 16 38 0 90 89 18 30 75 81 33 22 54 20 65 55 68 24 82 25 21 83 1 51 86 32 15 64 70 35 10 47 80 88 77 97 5 43 91 12 78 62 63 17 96 37 67 3 6 58 23 69 84 56 2 49 52 79 9 59 45 31 4 87 66 61 27 11 53 44 48 71 92 39 74 40 99 73 28 76 94 42 72 29 98 34 
TEST 9 ARG:45 41 89 57 17 24 78 65 96 29 31 50 23 3 27 77 53 7 88 35 51 8 60 36 68 82 22 19 47 74 55 30 2 92 12 69 62 28 20 81 37 56 98 85 79 80 54 34 6 13 97 16 93 72 40 76 83 48 71 39 9 15 26 4 67 90 14 49 86 75 1 70 33 21 95 66 63 44 59 0 87 42 73 61 52 99 64 11 38 5 25 46 32 94 58 18 91 10 84 43 
TEST 10 ARG:37 90 60 56 5 20 45 89 95 0 54 14 93 46 23 6 85 61 52 17 97 47 21 59 31 71 36 26 86 11 39 50 88 25 8 98 87 48 12 68 9 19 62 34 44 32 99 91 22 65 57 63 70 81 84 83 24 69 2 64 29 51 38 4 15 79 30 75 76 58 28 27 74 94 78 73 82 41 13 40 49 16 3 80 67 96 42 43 7 53 72 35 1 77 33 18 55 10 92 66 
TEST 11 ARG:37 92 44 54 90 58 72 20 32 24 61 30 28 29 99 88 78 77 10 93 70 89 69 66 86 34 22 98 55 36 81 85 46 15 13 97 60 91 96 79 87 95 50 73 48 64 31 40 38 76 5 35 83 6 51 42 3 8 71 1 57 82 9 27 0 67 19 4 84 80 62 45 52 74 75 56 12 94 39 17 11 23 16 41 21 59 47 7 63 43 53 68 49 26 14 33 25 18 2 65 
TEST 12 ARG:50 60 2 91 49 3 23 88 34 1 42 96 69 15 80 21 81 92 5 97 19 43 59 57 31 39 20 53 66 33 12 71 14 28 22 89 74 46 8 52 55 4 0 85 6 83 84 58 17 75 25 76 13 48 47 16 11 29 68 9 61 37 72 87 35 32 40 82 64 44 73 79 94 95 24 78 54 65 26 41 7 63 27 18 38 93 45 30 86 51 36 10 77 98 70 90 62 67 56 99 
TEST 13 ARG:30 2 32 83 73 3 66 24 96 26 51 0 79 98 47 39 45 94 80 38 61 90 92 23 10 62 29 42 89 84 97 60 57 16 46 70 27 1 81 72 43 68 35 36 59 15 11 22 52 20 67 5 8 65 40 41 28 58 33 82 54 14 37 19 53 4 56 25 34 64 9 7 71 86 13 91 99 75 21 6 77 49 87 50 12 63 85 95 18 78 44 55 69 93 31 17 48 88 74 76 
TEST 14 ARG:5 78 12 14 39 16 59 80 35 19 20 98 11 61 91 9 52 50 23 89 49 84 87 70 24 26 2 15 33 58 55 74 86 92 4 10 3 57 69 13 63 71 65 48 43 17 29 76 22 66 97 83 18 68 96 44 28 45 38 1 72 51 46 56 88 62 40 34 94 47 93 8 67 7 85 60 0 6 81 79 42 53 90 82 99 64 95 54 37 27 77 41 30 21 75 31 25 32 36 73 
TEST 15 ARG:56 55 24 95 3 38 21 50 7 32 14 27 4 6 86 61 64 12 46 73 93 78 97 67 2 11 47 53 94 49 13 75 60 80 87 84 34 52 70 74 51 42 88 1 19 18 99 63 98 68 10 90 91 36 8 29 33 40 5 54 62 66 17 35 44 83 71 82 23 37 69 22 57 28 30 59 92 15 41 9 81 79 58 25 20 77 89 31 43 48 65 0 85 45 39 26 72 96 76 16 
TEST 16 ARG:69 95 99 7 48 20 49 88 62 66 5 94 15 22 52 28 64 12 63 61 98 93 86 57 29 67 96 13 81 42 24 73 72 14 4 50 3 75 54 76 32 34 37 55 82 91 53 51 84 70 17 18 40 11 38 23 58 39 83 87 80 79 6 19 78 35 47 44 16 10 26 36 33 56 77 8 45 2 25 90 59 30 60 46 21 31 74 65 85 68 71 27 97 9 41 1 92 89 43 0 
TEST 17 ARG:87 25 37 46 11 51 26 84 10 19 80 62 73 0 6 20 83 75 21 88 43 9 49 23 40 74 2 14 70 18 58 82 81 95 91 35 57 92 99 69 47 8 1 32 52 3 72 90 55 22 29 30 89 15 39 85 44 77 53 4 45 60 13 36 41 61 27 24 17 54 98 42 59 33 79 56 76 38 48 78 7 94 12 65 34 63 64 28 86 71 97 68 5 50 16 67 31 96 93 66 
TEST 18 ARG:85 91 23 9 56 94 21 57 43 76 65 34 77 87 11 82 61 25 2 1 33 81 18 92 60 4 98 30 51 93 42 58 48 53 88 12 89 22 31 5 73 20 17 38 80 74 84 16 45 52 28 26 50 35 49 63 99 97 72 79 66 90 75 13 0 70 95 69 27 68 59 78 6 47 67 64 24 86 3 62 44 71 54 19 8 10 41 7 55 36 14 37 15 39 40 46 83 29 32 96 
TEST 19 ARG:25 17 41 55 21 91 98 44 73 53 26 9 43 71 51 23 80 97 8 2 54 87 65 84 10 37 95 94 63 31 20 96 66 7 49 30 38 24 88 86 36 68 52 33 48 70 12 32 50 47 61 40 60 45 62 69 29 89 16 15 28 57 35 39 4 6 58 72 19 22 77 18 14 1 75 85 78 46 11 82 67 74 93 5 56 34 90 0 3 64 76 92 79 83 99 13 81 59 42 27 
TEST 20 ARG:58 61 40 91 32 50 65 30 95 64 42 21 77 80 9 31 46 79 36 56 67 66 2 13 44 4 19 83 88 54 92 69 24 86 59 29 82 96 15 3 97 71 63 1 52 68 93 10 26 55 72 34 62 90 78 81 45 35 74 20 0 94 17 85 6 49 11 12 60 14 33 41 39 8 75 43 53 87 7 76 16 22 98 47 57 89 27 73 51 23 48 99 37 5 18 28 38 25 70 84 
TEST 21 ARG:45 97 61 79 91 14 26 35 74 9 33 32 38 58 18 43 80 34 59 78 2 82 40 11 8 39 62 19 42 67 50 16 7 95 36 37 27 94 25 73 99 83 93 75 13 88 64 52 4 86 29 30 72 65 57 5 63 20 71 1 22 41 85 48 84 0 55 15 31 47 12 6 69 66 81 28 68 21 70 92 87 46 53 90 76 3 98 77 89 24 96 51 17 56 44 49 54 60 10 23 
TEST 22 ARG:96 33 74 81 55 35 68 98 37 10 40 61 52 90 85 28 24 77 59 82 45 14 26 53 16 4 34 9 88 58 97 22 93 80 31 71 92 13 72 86 25 8 99 95 89 66 2 11 79 32 3 12 94 46 50 47 15 57 21 43 6 30 19 48 27 49 64 51 60 39 0 29 91 42 38 62 78 75 83 65 44 36 70 54 23 20 67 56 1 7 76 63 18 84 87 41 73 17 69 5 
TEST 23 ARG:30 72 11 80 57 87 49 78 48 76 21 95 37 60 71 26 73 89 99 28 69 4 32 88 6 9 27 58 10 17 12 44 54 56 66 70 42 47 64 23 51 40 75 39 84 31 94 43 82 0 90 2 14 46 50 65 22 8 35 33 34 92 91 19 83 29 3 52 41 61 93 74 15 36 67 1 38 68 24 81 77 59 16 85 20 86 79 53 45 98 5 62 55 97 96 25 7 63 18 13 
TEST 24 ARG:86 25 38 95 26 13 15 71 0 64 43 99 72 21 88 89 12 7 33 6 83 98 35 93 70 96 40 31 45 75 63 42 51 91 76 57 73 53 34 60 1 2 48 87 94 37 67 23 54 4 69 28 20 22 90 77 82 62 78 24 47 30 84 41 17 9 27 32 85 65 39 46 18 66 55 8 68 92 3 80 36 56 29 49 61 14 5 97 16 59 11 10 19 52 58 74 79 50 81 44 
TEST 25 ARG:27 48 62 38 22 59 80 32 60 18 3 21 83 76 90 75 95 72 57 4 54 61 36 25 31 93 11 81 74 0 63 8 33 9 15 26 53 98 94 64 39 41 68 78 34 35 79 6 55 66 88 7 1 17 2 46 52 69 23 84 87 30 42 67 20 51 29 49 10 40 28 89 47 56 50 65 86 92 44 45 12 91 37 97 96 77 70 13 85 58 16 99 5 19 73 82 24 14 43 71 
TEST 26 ARG:28 79 38 87 19 34 67 59 43 99 95 22 98 20 81 46 39 61 65 85 48 36 93 94 32 70 57 60 29 77 23 30 9 82 27 16 56 5 14 80 11 89 49 53 71 44 7 62 52 18 91 55 66 74 54 2 6 17 96 92 64 8 47 86 69 4 33 58 25 13 21 10 76 88 50 63 84 90 0 24 73 26 97 31 75 51 35 68 37 12 41 78 1 42 40 72 15 3 45 83 
TEST 27 ARG:58 53 68 99 65 72 88 13 37 20 33 97 80 2 57 52 89 95 90 16 56 67 77 60 94 38 28 11 47 26 41 98 24 19 25 30 44 3 79 48 63 14 31 27 76 55 86 18 39 43 85 9 93 82 71 22 87 81 50 49 92 32 59 84 29 7 4 83 0 15 64 23 17 10 62 66 46 73 96 36 34 61 6 91 35 69 40 78 5 12 75 45 1 51 70 42 8 21 54 74 
TEST 28 ARG:41 36 40 15 82 30 74 64 19 83 17 6 23 14 86 22 1 80 27 70 57 26 69 52 96 93 63 47 32 67 29 54 34 28 2 25 43 13 20 85 3 61 45 73 65 90 44 78 87 92 51 16 75 55 11 53 95 48 84 39 79 76 42 0 59 50 58 8 31 5 38 37 12 66 94 98 88 7 4 81 97 9 46 56 49 10 99 35 77 18 60 24 68 71 91 72 89 33 62 21 
TEST 29 ARG:37 45 62 72 24 51 50 35 33 79 20 28 46 19 75 71 6 96 15 34 4 8 32 60 26 98 38 97 74 90 23 88 91 61 77 5 81 14 3 13 58 93 27 17 9 12 47 29 48 0 55 57 44 43 49 86 80 64 36 7 30 82 85 11 94 87 22 25 39 41 99 95 92 18 63 76 42 56 65 10 78 89 21 66 31 69 16 70 83 68 52 40 73 84 54 53 1 67 2 59 
TEST 30 ARG:3 82 86 47 34 32 57 90 7 42 46 65 92 17 75 91 74 79 53 71 62 64 98 84 70 67 16 99 89 54 58 83 69 37 66 77 45 13 12 18 96 10 4 49 30 73 50 43 31 41 29 21 61 9 68 11 26 25 85 5 0 35 80 97 72 19 59 88 76 6 28 51 63 1 52 55 40 56 8 15 94 87 48 38 24 23 33 14 39 2 81 95 93 60 22 36 44 20 78 27 
TEST 31 ARG:76 25 98 57 53 40 6 95 15 1 7 33 69 18 34 3 52 65 55 0 12 97 9 87 64 27 74 19 78 41 22 89 28 47 84 51 16 14 86 96 23 77 35 38 43 71 30 11 62 36 31 10 61 20 99 81 88 45 80 92 70 68 60 75 56 93 5 94 26 79 72 49 4 2 83 44 29 42 39 37 50 21 13 8 85 59 73 32 66 67 46 91 54 58 48 17 82 90 24 63 
TEST 32 ARG:52 63 1 35 5 82 85 72 39 88 91 69 67 2 42 53 36 57 15 9 22 97 80 8 37 13 44 49 65 51 55 16 23 34 21 7 61 64 24 66 62 10 41 84 86 58 27 71 48 20 70 11 17 59 73 28 92 43 45 79 26 68 87 90 18 77 76 94 4 78 54 99 93 14 40 46 29 6 12 38 75 96 33 19 31 89 95 83 30 32 47 0 3 25 56 50 81 74 98 60 
TEST 33 ARG:29 5 58 27 91 8 51 37 9 52 24 18 2 56 99 7 81 19 98 78 95 69 13 84 40 53 65 47 3 57 94 83 26 63 25 66 10 41 64 38 36 33 61 6 45 14 86 39 16 50 97 76 42 68 17 43 31 54 32 60 20 93 73 96 4 80 85 12 77 48 62 35 55 92 59 34 44 72 46 87 74 89 30 88 23 22 79 75 71 0 11 70 82 21 67 28 90 49 1 15 
TEST 34 ARG:47 53 89 84 46 25 50 7 93 57 14 70 39 90 62 94 43 37 88 24 98 77 83 36 2 52 99 92 8 28 38 54 82 26 0 66 11 45 10 74 35 64 3 42 44 15 6 31 59 30 32 34 65 23 19 78 16 20 95 55 29 51 5 87 81 75 96 63 40 97 22 58 27 4 85 91 13 79 18 21 73 12 68 41 76 69 49 61 80 67 86 56 48 9 60 72 1 71 33 17 
TEST 35 ARG:29 2 62 70 84 8 7 93 77 94 55 36 3 68 34 65 98 80 76 33 41 85 15 11 58 96 83 23 4 88 45 43 32 40 5 28 53 27 90 44 52 81 86 72 16 10 25 56 67 42 46 97 24 12 47 51 19 95 73 64 57 39 79 59 13 22 74 49 18 78 1 6 63 91 14 61 99 75 71 35 60 50 82 87 37 9 20 31 26 30 48 66 17 38 21 54 69 0 92 89 
TEST 36 ARG:96 44 61 59 7 76 21 48 39 26 36 5 45 53 68 65 49 70 69 97 23 31 57 24 60 58 99 4 95 18 12 2 15 50 41 43 9 42 25 94 38 77 89 67 27 81 72 13 37 90 33 54 30 73 8 92 56 32 84 71 78 6 98 3 16 88 75 91 40 29 28 66 51 62 64 47 83 10 63 74 22 17 82 86 20 0 79 85 80 19 46 87 35 1 14 55 93 34 11 52 
TEST 37 ARG:11 32 87 31 8 96 48 70 49 92 97 35 89 78 69 7 22 21 13 44 2 85 42 50 53 3 67 38 81 79 25 23 63 68 77 58 57 45 82 17 86 90 93 16 39 26 51 24 14 74 66 64 40 62 75 91 47 83 28 99 84 94 73 4 88 61 98 30 46 37 60 80 55 18 65 54 5 43 36 9 12 56 19 1 59 0 76 72 95 71 34 52 6 27 33 15 29 20 41 10 
TEST 38 ARG:27 64 38 49 63 84 55 44 37 58 83 79 29 33 91 28 42 39 19 26 8 94 15 98 0 96 34 11 72 61 80 85 1 25 32 75 59 53 73 48 50 9 16 51 40 86 3 57 36 12 31 21 2 70 65 20 18 41 71 76 74 82 6 81 95 14 35 4 66 97 93 5 52 69 62 47 24 92 45 77 46 54 99 60 68 56 89 22 87 13 30 10 88 7 23 17 43 90 67 78 
TEST 39 ARG:18 27 24 49 43 38 10 6 87 90 5 39 11 79 48 29 93 14 67 4 68 84 32 46 57 65 51 76 44 64 31 2 40 82 72 50 75 9 61 83 56 22 23 81 34 52 13 1 36 78 63 26 15 70 89 20 35 86 95 59 94 98 58 99 55 42 19 54 60 0 69 97 7 74 16 28 71 17 12 66 21 33 85 91 8 77 53 3 45 73 62 41 88 80 47 96 25 37 30 92 
TEST 40 ARG:43 12 52 55 71 8 20 24 31 47 4 46 40 94 51 44 14 70 67 0 5 11 63 21 81 92 41 16 28 29 93 57 30 2 54 27 74 15 25 98 60 37 49 89 65 77 83 90 1 22 64 59 72 73 45 9 10 79 6 50 13 91 3 32 82 84 39 53 76 26 56 7 88 66 17 42 75 36 69 34 62 97 95 33 78 87 19 86 58 18 99 38 61 80 35 23 96 85 68 48 
TEST 41 ARG:83 82 30 15 75 4 61 6 21 9 99 81 53 22 39 38 58 44 14 20 94 35 7 78 64 54 93 16 5 50 98 41 2 3 40 34 79 33 36 43 92 87 76 80 48 45 25 51 77 95 55 72 28 89 59 68 86 52 12 18 56 0 1 60 96 74 63 42 11 71 85 49 13 17 26 57 46 32 37 97 10 65 67 23 66 24 88 8 27 70 69 84 47 73 62 90 31 91 19 29 
TEST 42 ARG:8 84 36 37 70 77 82 81 45 47 64 40 7 22 57 10 29 78 60 46 25 74 97 33 76 3 28 80 20 39 94 90 52 4 53 26 85 73 68 72 71 48 27 14 67 83 66 98 34 63 88 49 35 19 89 6 16 13 51 54 86 61 87 2 69 18 50 55 12 95 59 30 38 32 43 92 62 15 79 5 1 9 96 42 44 24 11 65 93 99 31 21 17 58 91 41 0 75 23 56 
TEST 43 ARG:78 51 43 93 70 92 82 53 94 75 38 80 29 34 62 98 41 66 54 4 11 57 42 32 17 30 86 91 21 19 68 79 33 87 22 2 58 60 90 96 26 7 49 61 76 52 25 97 84 40 24 15 55 28 71 44 56 74 73 31 65 1 72 23 10 69 85 36 27 9 63 3 14 89 37 35 39 18 5 59 0 77 95 81 12 45 64 88 47 50 16 20 6 48 8 99 13 67 83 46 
TEST 44 ARG:23 33 79 91 41 92 90 82 36 72 15 20 0 75 25 32 38 14 61 99 88 11 35 1 8 29 27 83 71 50 70 49 58 57 4 53 10 46 31 9 21 97 84 81 64 66 13 62 40 96 54 16 3 52 43 12 89 95 6 94 87 60 55 77 76 85 68 19 56 59 22 78 51 17 7 34 30 80 39 86 37 5 65 42 28 98 45 74 48 44 47 24 93 69 2 73 67 26 18 63 
TEST 45 ARG:8 76 71 94 92 42 45 68 0 87 75 18 67 46 88 86 69 98 16 25 30 82 38 31 29 64 43 91 53 39 32 85 89 12 65 20 56 58 96 62 51 61 44 90 33 23 37 2 73 63 10 35 66 36 49 79 80 54 50 59 41 97 84 60 83 13 99 3 1 78 21 48 4 11 95 72 28 6 5 9 70 26 15 7 52 47 17 14 81 34 77 22 19 27 24 93 74 40 57 55 
TEST 46 ARG:87 41 55 29 1 61 46 63 39 72 64 24 68 97 85 56 45 7 91 36 16 49 4 18 96 75 22 9 28 30 34 33 92 13 90 17 99 77 11 93 51 69 94 25 32 53 43 23 95 89 35 8 3 21 59 84 79 48 82 81 76 27 54 37 71 78 58 47 44 86 62 67 19 66 74 65 52 42 98 70 15 0 80 2 60 50 73 31 6 10 26 83 12 5 88 40 20 38 14 57 
TEST 47 ARG:19 29 99 84 20 8 69 11 92 77 61 36 41 47 98 56 78 82 93 67 16 64 59 24 97 17 42 3 37 89 80 38 73 45 25 94 34 7 54 43 86 68 0 9 12 15 91 46 13 50 1 10 53 81 57 83 18 40 76 22 60 58 65 63 74 4 27 33 71 62 14 21 87 23 70 52 95 96 44 28 75 55 26 48 66 2 90 79 32 30 35 5 31 51 39 6 88 85 72 49 
TEST 48 ARG:89 46 99 39 11 38 63 10 15 87 3 48 41 51 86 90 95 36 13 88 8 40 78 19 53 30 26 1 47 35 80 66 68 65 33 82 16 45 18 49 91 14 50 4 96 28 22 62 74 64 12 93 43 56 85 29 72 6 44 54 77 67 81 27 76 25 98 2 75 71 31 55 42 37 92 79 60 9 24 5 70 84 59 73 20 52 0 32 97 7 34 61 23 17 69 94 21 83 58 57 
TEST 49 ARG:63 67 82 53 8 87 83 11 65 46 93 10 33 94 7 69 76 98 89 35 24 85 81 4 0 78 68 41 16 3 62 30 92 17 84 39 48 19 13 72 54 97 74 6 31 2 34 28 96 44 14 22 27 37 70 45 12 49 88 58 18 75 50 55 21 32 9 86 95 23 20 42 40 64 59 73 51 90 60 36 15 71 5 77 57 80 1 52 56 43 25 66 29 26 79 99 91 47 61 38 
TEST 50 ARG:54 71 82 22 81 0 34 15 40 83 20 17 21 33 60 32 38 89 35 93 85 23 3 43 12 2 79 14 24 47 1 98 48 5 51 76 62 90 55 64 9 30 25 96 78 27 97 31 18 28 42 59 19 80 53 16 74 65 4 63 70 6 52 75 57 50 13 46 29 36 69 45 39 44 10 49 84 67 72 41 68 77 8 99 88 87 61 66 26 11 37 91 95 56 92 86 58 7 73 94 
TEST 51 ARG:41 42 50 39 93 91 73 71 31 15 30 48 21 38 70 29 0 89 83 57 55 96 63 94 6 33 66 17 44 85 34 16 47 54 62 13 67 1 59 43 98 2 24 76 80 52 3 40 5 69 32 35 46 18 74 90 51 64 22 37 14 12 28 56 86 36 23 60 78 92 68 49 58 10 26 75 45 11 77 7 88 95 61 79 20 82 9 8 81 84 65 27 99 97 53 4 87 19 72 25 
TEST 52 ARG:53 2 87 77 69 0 63 86 62 16 50 56 65 78 17 55 84 36 74 95 31 1 92 54 28 82 30 42 12 58 35 20 93 67 33 29 39 18 24 6 79 51 15 61 37 71 57 26 11 59 46 68 91 76 47 38 10 80 52 99 85 22 25 88 98 81 7 19 5 73 21 41 8 97 32 34 48 45 75 94 14 66 13 70 89 96 27 40 90 9 4 64 72 23 49 60 43 83 44 3 
TEST 53 ARG:24 66 15 41 23 81 60 6 57 4 94 11 82 76 54 79 68 72 59 33 90 42 78 1 67 93 92 89 58 17 77 62 52 63 9 20 25 99 75 37 5 50 49 10 40 7 26 14 96 98 85 80 61 45 13 83 65 84 2 95 31 43 87 21 71 70 56 35 74 30 97 38 27 22 46 73 53 28 88 47 34 91 0 16 8 36 19 44 29 12 69 32 51 3 18 39 55 64 86 48 
TEST 54 ARG:17 41 1 56 11 45 4 2 71 60 49 65 13 20 95 58 9 30 86 32 34 96 80 73 18 92 50 8 42 40 46 83 84 24 74 36 98 52 76 59 19 21 90 94 29 6 3 26 48 38 93 77 85 53 64 16 5 57 81 28 78 10 23 67 82 33 35 70 91 97 61 39 68 0 79 43 62 37 55 88 22 25 15 87 99 63 44 89 69 75 12 72 31 14 7 51 47 27 66 54 
TEST 55 ARG:16 90 87 46 41 40 39 25 79 67 7 98 30 6 72 84 32 75 89 11 68 29 92 33 94 74 71 69 5 86 45 26 14 22 28 76 85 99 9 3 88 78 57 1 35 66 20 50 49 38 43 73 4 55 13 58 42 47 44 15 8 65 2 82 95 61 19 12 97 37 70 0 91 24 80 34 27 36 81 96 64 60 52 21 63 23 18 83 51 62 56 77 59 54 93 53 48 17 31 10 
TEST 56 ARG:47 46 82 14 24 25 21 57 44 97 17 1 4 34 71 83 42 88 98 32 52 36 27 72 99 29 33 86 80 65 67 81 70 7 77 96 30 22 68 2 8 3 51 9 84 35 15 93 43 95 90 69 23 92 56 75 66 40 41 94 61 6 37 58 38 74 87 79 53 0 12 39 73 64 63 31 5 50 11 89 19 26 62 55 78 85 18 91 10 49 54 45 20 28 60 76 16 59 48 13 
TEST 57 ARG:1 72 29 86 97 71 46 79 94 63 88 58 69 20 27 90 56 22 40 84 65 9 10 74 17 11 60 39 81 83 14 75 85 0 59 26 35 36 30 2 7 6 45 53 54 4 8 49 28 13 32 62 3 43 23 68 25 98 12 77 31 61 78 76 80 87 70 96 41 33 16 64 66 99 55 73 42 34 21 24 89 93 18 5 92 82 52 48 44 47 38 67 15 57 37 95 51 19 50 91 
TEST 58 ARG:64 36 6 88 90 65 0 89 59 7 23 51 1 40 50 75 86 28 95 46 84 29 24 57 55 76 11 26 5 82 96 44 53 32 30 99 27 67 2 21 54 52 58 83 17 41 69 15 68 12 93 43 42 9 38 80 34 47 8 4 71 22 97 37 13 79 56 92 25 85 61 35 81 60 45 33 48 91 16 72 19 73 18 77 3 14 78 39 66 49 10 74 20 62 87 98 70 31 94 63 
TEST 59 ARG:73 33 52 12 34 74 30 24 8 99 22 19 77 55 16 94 86 36 53 92 65 61 63 26 69 0 5 91 75 70 90 11 45 43 81 21 98 89 95 48 27 3 14 18 32 47 71 44 2 46 28 6 64 58 60 42 39 54 29 50 76 41 38 9 59 83 96 7 10 67 78 23 51 84 72 13 15 1 97 93 66 40 17 79 57 49 20 37 88 87 85 35 25 31 68 56 82 62 4 80 
TEST 60 ARG:43 42 20 61 99 98 8 93 74 9 69 50 77 21 15 59 0 96 40 13 71 39 28 53 24 70 78 86 17 10 58 33 6 85 12 73 72 18 68 14 30 34 60 66 38 95 80 63 57 81 52 82 5 47 41 92 56 54 25 22 2 91 49 37 48 27 23 75 51 16 79 31 36 32 90 97 88 94 67 65 76 3 55 4 29 26 89 84 62 7 11 35 44 46 64 87 19 83 1 45 
TEST 61 ARG:60 33 97 73 24 91 22 86 94 1 10 68 61 23 4 47 44 59 39 34 15 9 29 13 52 50 74 8 96 53 72 43 32 67 20 36 3 84 14 37 35 25 85 80 46 5 63 6 45 71 89 78 41 90 95 12 28 0 87 51 75 83 7 70 21 19 77 69 40 18 49 55 62 56 79 92 98 88 64 99 57 16 17 76 42 66 31 38 93 27 26 2 58 48 30 54 82 81 11 65 
TEST 62 ARG:52 77 50 35 40 83 16 55 46 86 54 18 23 0 99 58 81 49 29 89 42 70 2 68 17 56 92 13 51 22 64 37 80 53 15 60 4 19 30 59 57 36 78 44 20 43 33 11 97 24 91 31 39 93 85 72 25 27 45 7 41 6 48 9 34 28 75 3 94 87 84 90 65 74 88 69 82 8 95 10 1 96 79 62 26 66 71 63 73 61 14 5 38 21 98 12 67 47 76 32 
TEST 63 ARG:14 62 98 97 79 22 77 20 61 38 76 29 18 42 4 96 31 10 5 69 84 56 43 71 35 33 58 63 94 73 52 30 41 23 57 82 3 7 81 39 92 21 55 65 37 53 78 2 93 47 86 88 26 75 15 60 95 74 34 32 16 19 89 25 46 44 64 27 80 24 48 1 50 28 9 40 90 54 51 67 36 6 0 99 8 12 66 59 70 68 13 91 85 87 72 17 11 49 83 45 
TEST 64 ARG:51 52 95 76 90 64 68 1 41 84 99 81 63 80 35 48 37 27 65 97 9 13 88 24 33 58 36 22 59 2 78 21 72 40 6 44 28 77 26 16 43 7 46 5 29 86 62 53 82 32 71 49 10 94 30 19 69 42 85 96 15 54 87 12 39 67 4 0 17 57 34 14 92 60 61 20 25 74 75 79 8 98 45 93 55 73 89 11 56 83 18 47 66 23 3 38 31 50 91 70 
TEST 65 ARG:47 49 61 79 44 34 41 56 59 64 68 45 35 18 14 96 65 38 60 98 53 37 21 2 24 90 55 87 54 7 12 80 0 67 9 33 86 72 77 52 58 30 82 94 62 19 16 23 70 84 1 93 4 74 63 5 81 6 85 73 8 97 71 75 3 29 22 89 43 36 48 76 88 15 78 32 31 10 57 92 91 95 66 99 69 46 50 27 25 11 83 20 13 26 51 17 42 40 28 39 
TEST 66 ARG:38 22 89 16 63 47 53 71 56 18 76 26 75 2 64 34 20 96 79 57 72 27 5 80 17 0 46 55 86 92 78 77 21 28 44 59 3 41 40 88 6 30 70 33 7 95 49 39 87 97 93 12 19 4 9 82 90 32 83 37 54 42 66 67 31 1 84 98 65 50 52 85 58 73 60 94 25 45 13 61 10 14 74 68 29 99 91 43 51 24 81 36 35 11 15 23 48 62 8 69 
TEST 67 ARG:58 5 99 88 38 50 14 34 61 25 37 26 81 19 85 86 0 79 41 83 40 67 68 66 71 70 92 57 56 4 27 96 8 24 29 53 80 59 69 72 42 89 95 47 98 3 45 15 54 17 16 55 60 31 18 90 1 30 64 43 63 74 49 76 35 2 51 93 21 7 13 82 36 91 77 23 94 62 33 46 73 78 39 11 44 20 87 97 22 48 28 84 75 6 32 12 65 52 9 10 
TEST 68 ARG:49 1 14 10 77 27 29 79 89 54 74 18 97 73 63 7 41 24 23 92 94 37 2 45 39 67 68 21 20 83 22 56 80 48 64 81 75 72 4 55 11 52 9 98 47 46 65 40 42 13 26 25 70 17 85 44 96 50 66 69 90 91 8 0 88 87 53 76 33 35 99 15 51 86 34 59 5 6 31 3 93 12 16 60 36 78 43 95 82 28 19 61 32 71 62 84 38 58 30 57 
TEST 69 ARG:76 39 7 32 24 13 33 4 30 34 65 51 62 79 93 86 49 19 58 64 69 2 27 6 80 9 50 56 42 95 3 12 90 53 97 17 45 54 63 15 22 84 87 46 71 89 75 59 10 8 99 73 60 77 31 91 21 40 74 41 18 5 48 14 25 28 55 82 26 1 38 35 43 67 66 68 23 36 37 96 98 11 0 20 47 88 85 83 92 16 52 70 72 44 94 61 57 29 78 81 
TEST 70 ARG:54 40 16 89 26 69 59 63 56 93 3 76 10 45 5 42 43 91 57 77 61 36 55 29 84 15 38 17 9 72 8 98 19 97 96 62 79 35 47 37 82 0 94 65 14 83 7 86 31 88 32 33 60 92 46 68 49 28 90 6 12 1 52 81 27 95 2 18 64 25 22 44 78 99 30 80 20 73 48 53 24 23 66 34 4 67 11 39 87 70 21 13 85 71 74 41 75 58 50 51 
TEST 71 ARG:59 95 66 27 65 84 6 13 45 94 87 68 82 64 29 79 8 7 57 41 15 2 12 47 44 28 0 83 70 10 20 39 77 17 42 50 71 67 73 36 5 22 14 80 38 51 62 63 46 56 58 97 11 21 89 33 55 3 35 24 37 23 60 18 75 98 9 52 53 76 30 25 26 85 61 48 32 92 43 19 91 86 34 69 74 93 90 40 49 99 4 1 96 78 31 16 54 72 81 88 
TEST 72 ARG:61 13 21 19 93 87 51 44 6 18 58 26 86 80 7 81 73 17 35 50 43 63 54 72 71 47 4 25 69 22 11 3 53 60 98 41 52 96 14 83 64 67 5 79 91 59 15 65 32 92 55 49 62 57 45 56 31 77 0 89 29 30 34 39 74 8 84 2 10 37 36 46 88 99 68 24 66 38 76 9 27 94 40 33 90 75 1 85 95 16 97 70 42 28 20 12 78 23 82 48 
TEST 73 ARG:25 90 99 42 65 14 73 95 45 13 87 80 23 9 6 70 93 36 83 22 44 71 19 88 33 16 24 75 63 20 58 31 54 11 97 12 38 82 56 86 52 0 7 2 66 76 34 89 41 57 64 79 59 50 68 94 27 61 67 39 26 29 69 5 18 55 10 53 47 46 74 92 77 43 48 32 98 30 4 72 15 81 85 21 84 8 17 96 28 37 1 60 3 51 78 40 35 62 91 49 
TEST 74 ARG:22 32 76 9 25 23 19 3 70 42 44 10 50 45 71 88 47 1 13 64 43 6 87 33 92 52 62 57 53 90 28 93 21 83 55 31 38 14 94 69 78 29 98 27 39 24 58 12 54 15 26 37 2 34 79 97 67 95 96 77 18 30 75 5 65 8 59 40 41 81 36 46 89 72 48 11 7 35 80 99 63 17 68 82 56 86 85 16 91 84 66 49 73 60 20 0 4 74 61 51 
TEST 75 ARG:71 29 67 45 16 27 99 58 28 6 21 17 94 49 30 88 46 74 23 42 68 76 13 4 51 82 85 59 24 22 26 39 83 38 25 0 53 37 87 19 48 86 10 90 41 56 80 60 5 50 81 79 7 77 70 44 12 89 33 11 65 55 69 35 9 14 1 64 20 36 73 97 95 18 84 66 47 57 62 98 92 2 61 52 75 91 32 43 78 40 63 54 93 31 72 3 96 15 34 8 
TEST 76 ARG:16 93 41 26 78 22 38 0 58 80 63 85 13 60 66 96 98 32 73 70 11 68 84 99 25 62 55 30 81 91 72 29 5 50 95 87 15 88 79 12 17 61 20 86 64 90 36 4 10 57 6 71 19 3 44 46 53 54 48 75 76 9 28 23 1 83 82 89 45 37 52 43 69 2 33 47 56 77 40 31 35 14 97 92 59 7 51 39 67 18 27 74 42 24 65 49 21 8 94 34 
TEST 77 ARG:35 92 30 41 54 13 25 80 57 14 10 28 67 86 70 27 4 12 51 15 3 63 49 55 88 74 50 64 98 9 81 21 1 77 19 69 42 44 96 66 60 6 40 23 37 62 65 82 90 73 76 20 26 5 29 11 8 24 46 85 34 45 48 97 95 94 83 61 52 84 93 78 87 31 58 39 43 47 89 99 36 0 75 56 79 22 17 59 16 72 33 38 91 71 32 53 7 68 18 2 
TEST 78 ARG:78 96 37 6 94 21 93 74 17 51 25 2 91 75 72 22 70 4 41 60 15 52 64 71 95 16 61 9 63 36 7 20 19 82 46 32 62 53 87 58 24 89 33 18 54 44 31 88 79 69 86 98 11 47 50 43 23 49 65 97 48 55 67 42 30 5 40 39 29 45 27 28 10 59 14 80 0 99 8 35 66 92 90 68 12 34 73 57 26 77 13 76 56 84 83 38 85 81 3 1 
TEST 79 ARG:59 97 57 61 85 55 32 0 42 4 75 35 72 15 71 3 53 9 94 91 25 83 21 54 39 96 30 16 74 66 65 34 60 69 8 95 40 33 58 84 77 56 24 28 46 67 5 78 31 88 99 79 47 64 20 13 73 38 22 19 50 17 92 82 76 36 2 68 1 12 63 37 11 41 87 62 44 80 89 7 23 49 6 98 90 81 93 52 29 45 86 14 70 18 48 10 26 51 27 43 
TEST 80 ARG:0 34 24 58 8 37 93 84 53 62 86 1 89 31 83 9 70 64 99 27 3 5 12 39 76 52 29 57 77 96 32 20 92 41 11 85 4 97 44 2 98 35 19 28 50 54 43 94 90 22 25 78 66 67 7 88 79 6 91 10 23 82 13 16 87 18 48 49 17 74 26 36 63 40 47 38 42 61 59 45 51 15 60 21 80 33 73 65 95 75 30 69 46 55 72 71 56 81 14 68 
TEST 81 ARG:62 34 78 90 14 99 80 49 26 95 32 44 54 24 47 21 67 52 42 57 65 11 94 83 22 12 28 55 71 19 20 1 91 93 8 40 10 4 41 58 2 72 5 88 53 86 75 51 59 29 13 68 66 25 56 16 36 17 85 3 74 30 7 64 33 70 27 84 97 73 98 23 35 9 76 60 45 87 96 15 39 81 69 46 79 6 31 0 61 50 77 92 89 38 63 82 43 48 37 18 
TEST 82 ARG:89 5 80 12 13 22 53 30 99 42 88 45 35 92 23 39 72 24 86 54 55 40 11 94 8 4 83 70 7 84 50 76 33 17 58 6 29 34 28 52 44 95 18 98 48 65 51 91 56 78 2 19 79 49 75 32 38 66 16 77 87 57 96 14 61 15 10 21 85 36 82 90 31 63 37 46 60 73 64 3 71 93 69 41 47 1 74 43 25 67 81 26 59 97 9 68 20 62 27 0 
TEST 83 ARG:61 49 51 29 39 19 83 24 14 21 65 77 76 26 80 87 17 88 4 75 62 57 63 2 47 73 41 7 33 1 82 94 6 32 71 97 85 35 81 58 20 64 86 31 44 60 95 27 37 66 56 12 72 42 28 13 89 93 70 0 90 53 22 43 68 50 59 99 9 18 10 25 3 98 34 52 36 74 55 30 5 23 16 67 38 96 45 54 91 92 69 8 48 46 78 40 11 79 84 15 
TEST 84 ARG:91 69 79 18 33 40 71 16 86 77 76 72 37 30 78 63 54 31 8 7 49 53 55 70 88 51 0 36 20 14 74 12 1 98 65 10 61 32 56 81 73 41 11 15 67 87 97 27 95 19 58 45 21 64 75 82 60 84 3 46 89 57 47 66 13 39 4 62 6 99 42 5 17 22 44 43 92 48 26 52 23 96 68 90 34 94 25 29 93 38 35 59 24 80 9 2 83 50 28 85 
TEST 85 ARG:85 6 44 46 73 63 66 19 91 81 80 49 30 99 65 8 61 25 86 31 1 45 35 2 27 51 7 76 67 4 36 26 29 98 0 69 48 42 62 74 88 78 39 89 9 24 82 11 12 40 47 23 43 14 84 58 32 96 83 93 75 70 71 16 3 13 41 97 92 95 56 34 17 68 50 60 22 59 94 52 77 54 37 18 21 10 15 53 72 90 87 57 79 33 28 5 38 20 64 55 
TEST 86 ARG:43 41 70 23 75 76 95 42 92 97 61 78 89 77 68 13 24 33 5 52 27 88 32 71 11 59 2 31 74 51 15 64 20 25 22 83 44 29 46 65 87 47 14 28 53 39 81 63 3 79 26 69 67 0 35 8 21 7 10 80 37 58 93 60 85 94 16 86 50 45 90 30 82 91 98 40 36 19 96 73 12 17 66 34 49 84 55 62 18 99 72 54 56 57 4 38 48 9 1 6 
TEST 87 ARG:89 38 44 7 47 64 23 15 18 55 66 84 30 48 95 70 50 90 52 24 60 56 6 14 69 51 39 35 27 58 37 11 41 0 29 4 80 96 42 86 3 78 73 57 34 10 97 67 32 45 91 17 68 26 62 74 54 72 5 61 76 82 46 21 12 8 83 85 33 36 81 20 92 79 2 65 94 9 13 99 53 75 16 93 71 87 43 22 49 59 88 63 25 1 98 31 40 19 77 28 
TEST 88 ARG:13 46 64 12 95 75 66 6 81 49 74 91 31 48 63 73 57 79 93 80 88 0 77 20 59 36 18 37 1 23 85 62 16 68 87 67 97 19 10 86 52 60 24 90 9 54 27 33 82 92 3 28 69 76 98 22 34 5 83 25 56 94 39 29 42 44 50 58 55 4 89 96 26 61 21 41 47 84 2 17 53 32 14 35 70 78 8 11 40 38 99 45 7 71 51 15 30 43 65 72 
TEST 89 ARG:99 98 97 27 1 81 70 17 24 79 11 25 69 88 41 20 57 48 2 22 89 61 60 63 92 35 39 66 59 23 26 54 38 76 15 73 83 3 21 8 0 68 62 16 93 95 9 45 14 91 53 33 40 78 84 85 36 64 47 18 10 72 19 87 7 5 65 43 32 67 90 86 13 96 28 94 52 80 82 34 75 37 50 4 31 55 74 49 77 29 12 44 42 6 58 71 51 56 46 30 
TEST 90 ARG:41 15 56 86 36 74 52 69 35 3 66 53 6 27 57 81 48 13 60 50 61 94 11 76 37 80 92 47 72 24 99 54 20 10 95 31 25 19 1 75 26 5 44 9 67 17 79 38 0 84 96 62 83 34 23 29 33 39 45 16 63 28 46 82 71 30 59 2 64 18 12 91 65 58 88 87 21 7 40 42 93 22 78 32 14 49 98 51 43 70 90 4 85 77 89 97 55 68 73 8 
TEST 91 ARG:53 62 44 82 71 94 15 52 6 88 17 23 57 60 87 59 38 99 9 18 14 56 41 13 29 58 81 93 20 10 55 64 91 11 97 4 73 50 31 32 22 36 34 24 72 26 80 66 78 25 61 42 95 76 12 54 84 40 19 85 16 77 86 68 46 83 89 69 3 75 48 21 30 37 63 0 35 70 98 49 8 96 74 47 45 5 92 39 33 7 79 51 67 27 43 90 28 1 65 2 
TEST 92 ARG:89 8 69 47 0 65 96 21 28 82 58 5 20 88 9 13 30 7 1 6 54 72 77 31 14 12 60 57 79 49 55 85 66 62 71 90 16 42 32 83 11 10 17 86 15 25 43 64 51 84 81 87 24 63 78 76 73 44 3 2 99 93 38 52 80 35 70 4 53 26 33 95 45 92 59 29 48 98 18 23 19 37 46 50 34 97 74 27 39 91 36 67 56 75 68 94 22 41 61 40 
TEST 93 ARG:67 30 11 10 55 65 29 71 93 6 98 7 53 72 37 16 33 85 17 4 91 60 96 31 34 49 13 79 76 47 51 82 97 3 48 21 83 56 1 35 27 12 9 70 89 58 36 74 94 87 61 62 28 63 95 75 92 23 73 59 64 19 39 57 38 24 43 22 20 54 77 84 66 5 99 2 46 8 78 15 42 69 88 40 52 26 86 14 44 80 32 50 0 18 45 68 25 81 90 41 
TEST 94 ARG:42 75 62 65 94 27 53 28 31 78 14 91 73 23 57 68 33 34 52 55 2 6 95 90 99 29 1 24 83 8 7 76 40 96 9 16 46 61 0 47 56 44 5 63 19 72 13 81 93 36 25 79 35 10 38 58 77 12 84 59 22 60 87 86 3 11 4 98 80 74 50 69 20 92 32 37 71 70 41 39 67 43 15 64 97 66 17 89 54 26 85 88 30 18 49 45 48 51 21 82 
TEST 95 ARG:50 55 13 66 47 3 78 35 75 53 80 46 70 39 12 85 6 30 5 32 93 0 25 65 38 18 68 26 67 34 82 7 31 58 19 11 1 56 72 54 99 37 83 62 48 96 73 16 2 36 10 4 14 94 64 97 88 90 29 60 61 89 15 77 91 22 57 71 79 44 59 98 92 52 33 51 20 84 9 27 87 17 40 74 95 21 42 86 23 24 81 69 8 41 76 63 45 28 43 49 
TEST 96 ARG:54 89 22 40 29 99 18 6 19 46 11 2 15 82 60 55 72 10 56 81 69 70 92 98 17 34 78 48 41 90 75 24 77 38 28 94 93 14 25 7 68 63 73 16 45 4 61 84 20 71 47 37 50 59 49 21 9 88 86 30 53 43 13 66 8 23 35 51 85 32 65 1 39 57 0 5 96 80 31 67 95 91 42 52 12 44 64 79 97 58 83 76 3 27 74 87 33 36 62 26 
TEST 97 ARG:65 83 8 59 96 72 21 32 71 14 61 10 28 84 73 13 67 60 5 26 41 77 70 62 52 78 31 98 34 68 17 6 9 57 53 99 54 90 18 2 37 49 27 69 24 48 45 22 46 47 39 56 81 25 86 3 50 7 36 11 92 20 12 35 85 51 30 63 58 76 43 55 79 82 23 80 88 64 42 0 91 38 75 44 93 89 40 74 15 66 4 94 16 95 33 97 19 1 87 29 
TEST 98 ARG:11 18 75 39 43 38 10 14 30 80 56 35 94 33 24 32 7 65 92 45 17 74 57 42 47 46 2 12 23 99 76 88 21 8 90 52 22 78 41 58 93 63 37 82 0 73 27 97 70 95 66 40 71 98 9 15 29 72 31 96 53 48 61 77 84 28 1 19 5 20 25 26 3 36 91 6 4 59 81 50 64 79 85 86 54 55 87 60 67 62 16 83 34 44 13 68 69 51 49 89 
TEST 99 ARG:85 29 63 96 7 72 3 11 47 66 88 36 74 39 6 14 89 10 65 91 50 45 69 2 17 90 16 35 23 57 78 19 99 60 4 56 42 55 37 27 98 82 31 13 26 73 38 34 81 76 0 53 79 25 80 54 41 51 71 95 15 40 28 12 8 83 87 21 30 18 1 48 77 67 97 84 9 52 32 49 86 61 58 46 92 33 64 94 93 44 62 68 20 70 5 59 24 43 75 22 
TEST 100 ARG:19 97 24 99 78 26 77 81 79 87 47 37 6 62 57 93 51 75 72 50 45 36 49 88 20 40 53 43 91 38 34 89 73 84 21 44 61 65 12 7 30 71 63 1 60 54 68 35 13 90 32 94 5 14 83 22 39 2 29 59 48 52 95 82 16 0 25 33 58 56 17 15 55 80 64 85 10 67 70 86 3 66 9 69 27 11 46 96 98 76 42 74 41 18 8 28 31 4 92 23 
TEST 101 ARG:55 59 3 75 5 32 98 50 73 97 78 64 20 88 35 95 18 94 76 65 40 27 72 80 56 31 85 83 16 15 10 51 68 61 21 45 67 84 48 1 22 34 74 62 2 93 81 26 39 70 49 25 33 52 38 63 24 12 8 46 0 28 96 36 19 66 4 91 14 53 47 82 6 17 13 99 9 90 29 37 42 60 69 79 71 77 92 11 41 87 58 7 57 30 89 43 44 86 23 54 
TEST 102 ARG:90 24 12 2 16 29 74 75 61 7 0 76 86 59 25 19 56 42 72 35 69 98 51 54 30 85 41 21 49 15 10 94 27 84 80 96 81 40 45 43 48 99 64 93 62 68 78 44 55 95 50 3 26 38 97 18 52 58 46 6 83 14 9 39 57 67 28 33 60 73 8 82 11 77 36 13 47 1 17 91 31 65 32 5 66 87 92 34 88 4 71 70 53 89 20 22 23 79 37 63 
TEST 103 ARG:38 76 89 79 73 67 54 26 98 71 3 77 99 55 43 14 51 56 42 91 94 60 44 69 59 65 6 88 12 22 9 47 82 45 37 36 90 0 87 70 85 53 52 27 13 68 24 32 30 16 57 96 61 5 58 66 92 93 11 34 81 18 35 17 95 48 63 29 8 19 83 64 23 84 80 40 7 72 49 78 74 31 15 39 4 28 10 86 20 41 21 25 50 33 97 75 1 62 2 46 
TEST 104 ARG:65 29 83 69 63 33 94 43 31 80 58 5 53 75 15 56 38 9 20 82 6 34 52 59 19 23 73 86 24 11 42 36 48 74 66 95 44 7 77 51 81 8 37 0 22 87 16 91 1 93 72 50 70 97 12 64 92 40 62 89 45 26 47 90 99 3 55 10 13 61 14 84 4 41 30 2 67 76 21 78 60 88 79 39 85 28 35 71 49 68 27 17 32 98 25 54 96 57 18 46 
TEST 105 ARG:23 18 45 1 70 64 90 75 92 65 98 85 76 44 68 37 12 41 66 14 59 5 11 43 95 84 39 93 19 88 16 31 55 81 3 9 29 48 30 36 54 78 10 38 13 62 17 57 35 50 61 25 71 77 2 89 24 46 63 0 8 40 49 32 72 51 47 73 27 86 42 58 22 87 52 26 28 60 56 82 21 97 99 67 83 6 4 91 53 69 33 7 96 15 79 34 80 74 20 94 
TEST 106 ARG:81 69 42 36 93 25 72 64 82 55 19 79 90 33 98 40 45 99 60 53 95 29 23 21 26 13 22 68 0 30 43 67 27 83 50 62 61 63 28 58 96 14 85 15 39 3 88 6 46 76 18 37 48 47 12 1 75 41 94 54 70 4 31 16 5 52 91 86 2 77 8 80 87 38 59 97 51 73 56 7 44 65 35 84 71 32 74 92 78 10 20 11 34 49 17 57 24 9 66 89 
TEST 107 ARG:20 37 70 97 48 4 45 11 2 16 42 52 79 64 84 27 10 60 59 62 8 15 32 93 68 57 63 19 80 82 51 13 35 75 1 55 40 92 67 83 73 49 94 31 89 33 30 3 72 78 29 23 77 6 38 47 28 21 87 41 25 12 88 50 46 36 56 61 99 34 90 65 14 96 76 91 86 69 17 74 0 85 95 43 7 54 98 81 22 24 5 58 53 71 18 9 39 44 26 66 
TEST 108 ARG:13 45 82 76 68 69 70 21 34 35 15 37 99 11 53 41 51 97 10 48 58 55 90 22 7 75 43 38 93 50 17 77 74 44 61 64 60 5 20 91 92 80 4 59 9 24 95 2 54 28 87 46 84 36 86 67 85 88 18 19 39 49 78 27 98 26 47 29 79 3 42 23 83 81 32 8 16 12 73 66 52 30 56 89 96 31 72 57 94 71 1 33 0 40 6 25 65 62 14 63 
TEST 109 ARG:53 74 91 47 86 80 21 94 58 11 22 70 66 8 14 25 36 5 27 31 13 48 10 43 26 67 56 34 37 20 88 92 65 39 7 84 57 85 63 32 54 24 96 28 75 15 33 50 93 55 73 89 52 77 23 3 1 41 68 19 2 62 18 6 98 97 60 29 4 51 78 42 0 72 59 46 40 79 45 76 38 9 69 99 71 81 49 44 82 16 95 12 90 30 61 87 64 35 83 17 
TEST 110 ARG:45 64 67 73 91 29 92 18 66 28 57 23 37 3 24 52 80 50 76 81 96 12 58 90 88 9 49 59 89 71 56 53 39 61 86 63 1 11 98 5 26 78 15 0 70 69 6 74 75 99 68 87 95 8 14 42 19 33 44 51 20 21 84 79 43 82 60 36 77 30 4 27 40 83 17 55 93 35 72 48 65 13 32 94 38 2 31 7 46 62 10 25 47 16 41 34 85 22 54 97 
TEST 111 ARG:67 57 64 62 63 55 74 99 65 13 23 25 68 97 48 85 70 81 61 92 35 45 94 5 89 24 9 2 76 31 93 7 44 98 96 79 84 51 90 58 3 73 95 46 86 78 59 71 41 56 18 21 77 36 88 52 40 83 15 33 26 66 22 10 43 80 16 12 69 53 72 38 50 91 17 87 1 32 49 27 6 47 60 30 0 82 37 39 20 11 19 4 29 34 75 14 8 54 28 42 
TEST 112 ARG:83 45 58 80 11 51 61 7 60 65 57 84 86 19 12 73 9 99 64 68 94 31 81 8 27 70 2 89 10 63 79 97 22 87 26 44 78 1 67 33 38 32 56 53 41 39 77 0 47 17 50 24 98 72 59 29 14 66 95 62 91 43 20 3 92 37 28 35 54 5 36 25 30 16 69 85 76 88 46 42 90 34 48 52 75 74 93 49 71 13 6 15 82 4 96 21 40 18 55 23 
TEST 113 ARG:38 33 79 94 48 7 93 44 28 92 97 52 99 30 58 1 76 21 55 91 81 16 60 88 43 13 62 11 50 82 18 6 15 71 70 51 72 2 73 65 89 45 87 23 36 8 90 41 10 56 4 83 12 64 61 29 66 59 22 3 0 31 34 24 49 25 68 37 5 78 80 74 63 53 9 57 19 69 46 84 39 67 35 40 95 27 86 85 77 32 26 96 20 75 47 98 54 42 17 14 
TEST 114 ARG:91 37 81 69 8 51 10 45 50 12 84 39 94 96 95 29 49 22 6 82 62 99 73 52 57 65 97 63 70 23 32 47 4 5 30 80 78 71 11 25 58 28 68 0 41 88 7 33 46 90 87 79 44 38 19 74 61 54 13 66 77 98 26 86 43 60 72 89 14 48 92 17 35 24 93 20 21 15 64 36 85 9 55 42 67 76 31 53 75 3 83 56 34 16 27 59 2 1 18 40 
TEST 115 ARG:20 67 52 74 13 9 36 85 45 25 86 39 15 76 89 28 90 21 84 31 30 17 72 6 69 51 96 37 56 55 93 61 43 4 48 75 78 33 40 49 3 14 66 81 29 34 59 88 8 12 60 68 91 26 58 23 82 35 46 19 65 10 70 92 53 27 42 2 98 97 22 73 18 7 5 54 1 38 64 95 32 99 24 63 50 77 87 83 62 80 47 16 0 41 57 44 94 71 79 11 
TEST 116 ARG:25 94 53 14 54 38 48 96 79 67 82 77 8 57 78 31 87 5 41 75 26 83 44 33 45 71 23 13 43 9 92 37 88 20 47 0 28 93 49 3 22 66 99 21 35 18 69 51 29 11 98 16 4 19 70 2 50 56 86 68 30 58 7 97 52 80 81 59 63 1 85 6 62 46 10 90 73 15 84 95 17 89 36 27 34 74 61 24 72 39 64 40 65 32 91 60 55 76 42 12 
TEST 117 ARG:55 14 75 62 95 94 43 98 50 51 29 80 56 93 31 53 81 32 37 48 15 9 36 24 70 13 57 54 40 11 28 19 88 78 2 86 85 34 97 68 27 45 25 64 79 58 16 84 83 8 69 92 6 22 47 39 12 66 1 3 82 23 10 44 89 26 59 76 96 0 49 91 71 42 20 18 52 21 60 61 35 41 67 38 7 30 77 46 63 65 17 33 4 74 99 72 90 5 87 73 
TEST 118 ARG:52 40 45 36 56 99 90 9 66 8 1 5 79 92 93 80 84 34 43 51 63 86 78 70 64 4 23 39 68 55 31 37 91 20 47 24 89 83 29 53 21 41 75 38 49 33 0 54 82 14 35 81 76 73 19 67 59 65 96 16 18 74 22 85 26 87 50 48 58 94 25 12 28 97 44 57 72 95 88 62 3 46 6 17 98 69 71 11 2 7 27 42 30 32 13 61 15 10 60 77 
TEST 119 ARG:48 13 1 26 17 78 72 64 77 2 16 80 25 20 97 68 18 3 65 96 23 86 67 59 89 53 30 36 71 21 95 69 49 52 73 90 34 98 50 46 40 28 41 11 79 99 57 66 6 7 32 35 19 0 4 29 92 75 83 60 47 31 87 27 24 14 39 84 58 74 37 15 54 70 10 8 94 91 76 38 55 85 43 63 33 9 45 12 82 81 42 56 22 61 5 51 88 93 62 44 
TEST 120 ARG:29 96 48 38 85 94 42 63 71 45 6 13 26 88 91 30 65 43 54 15 89 66 2 46 4 78 99 49 36 14 47 67 86 8 5 52 44 27 31 76 60 83 57 11 40 12 53 84 61 81 79 10 37 82 17 77 74 87 92 69 75 72 20 98 80 34 70 21 73 35 55 39 56 68 9 32 7 64 24 0 59 62 90 19 25 22 33 93 41 97 16 51 50 23 3 1 95 18 28 58 
TEST 121 ARG:84 34 90 74 6 7 63 50 40 69 18 67 81 59 95 44 88 1 94 21 15 80 78 89 75 22 46 58 51 0 16 83 42 62 14 38 72 53 99 61 25 92 60 5 2 49 10 56 8 17 91 32 48 3 12 77 26 76 30 9 11 20 19 97 45 73 64 70 29 52 79 23 98 65 4 68 28 27 13 96 85 37 35 82 66 86 54 24 41 33 57 93 47 71 31 87 55 43 36 39 
TEST 122 ARG:41 86 62 0 6 23 10 69 37 34 77 28 9 66 31 32 98 17 48 35 89 82 18 64 13 1 42 94 49 45 19 71 65 2 61 73 51 78 8 91 15 7 46 26 68 5 20 25 29 95 16 90 24 44 84 4 3 57 56 39 80 76 74 54 83 59 55 81 75 52 38 96 85 22 53 92 99 67 50 97 47 14 72 43 33 79 70 36 12 88 60 87 58 40 30 11 21 93 27 63 
TEST 123 ARG:80 39 25 42 46 23 51 76 20 89 93 69 2 59 90 94 3 30 62 84 38 54 48 7 22 68 81 31 27 18 65 91 64 1 44 75 57 32 15 40 66 50 87 95 61 43 47 12 33 79 86 37 28 67 8 34 97 16 5 41 74 6 4 82 53 36 60 24 14 26 11 45 55 10 73 13 52 58 92 98 88 70 77 72 96 63 56 85 78 17 35 19 71 83 29 0 99 49 21 9 
TEST 124 ARG:28 83 90 2 26 39 87 94 44 77 17 35 46 9 62 68 72 89 23 55 18 84 42 25 1 37 54 95 56 12 58 16 45 40 98 75 65 69 47 52 86 21 3 97 66 60 41 73 27 20 10 14 5 92 99 67 24 33 36 49 61 51 59 64 85 29 32 91 82 30 71 34 4 43 11 70 53 79 6 13 48 38 0 50 80 15 8 31 88 57 81 78 19 22 96 93 76 74 7 63 
TEST 125 ARG:38 45 35 46 67 91 92 26 70 8 58 78 0 73 63 60 15 61 12 7 40 29 3 56 14 98 77 19 79 39 84 2 94 44 16 18 54 48 6 71 62 90 65 87 83 41 82 55 64 89 11 30 28 1 53 76 96 37 52 5 74 36 9 13 27 86 50 85 20 42 21 51 33 97 24 81 22 23 4 99 32 80 75 59 31 43 25 93 34 95 17 72 69 88 49 10 57 47 66 68 
TEST 126 ARG:89 10 0 11 45 83 40 37 48 31 92 1 98 80 16 46 15 29 7 19 42 77 79 36 65 53 4 33 56 63 70 97 94 78 66 25 47 13 5 6 73 93 95 58 57 28 84 69 12 72 8 81 17 14 96 50 76 38 74 75 59 87 26 54 34 22 2 30 91 35 82 32 52 43 41 21 99 86 39 60 71 18 90 51 67 62 85 44 55 68 88 49 24 20 64 9 27 61 3 23 
TEST 127 ARG:60 79 91 98 78 17 77 93 66 41 73 32 55 25 67 68 42 22 34 37 29 4 19 28 94 88 63 83 59 40 50 84 82 23 21 65 43 24 0 38 26 54 14 53 11 70 10 12 3 51 74 44 35 27 56 71 81 49 48 62 96 31 89 97 90 95 18 57 15 58 52 1 87 36 99 9 75 45 16 2 13 7 80 46 92 69 5 85 33 61 47 20 64 39 72 86 8 30 76 6 
TEST 128 ARG:83 7 14 33 65 10 49 5 59 62 48 53 51 63 0 19 90 4 93 91 31 23 45 1 99 17 11 58 70 38 80 29 3 2 81 16 75 73 72 78 79 27 54 64 98 82 26 85 25 20 87 69 44 57 76 9 96 68 88 67 28 39 35 46 24 21 18 89 84 32 36 66 22 56 60 77 12 97 42 92 8 74 61 30 71 40 13 37 52 50 47 15 6 41 94 95 55 86 43 34 
TEST 129 ARG:69 11 10 15 1 63 87 12 83 39 23 97 88 0 25 42 30 20 92 98 78 17 66 38 5 85 31 29 59 93 71 76 82 89 37 49 45 67 53 96 24 90 91 54 44 52 55 47 28 22 21 73 2 99 81 51 40 32 58 86 95 35 84 3 80 79 61 70 72 7 75 65 4 36 46 43 14 18 8 62 41 33 27 13 57 94 77 6 26 16 48 74 68 64 50 19 60 56 9 34 
TEST 130 ARG:17 5 82 16 29 64 40 51 24 95 83 30 37 6 54 94 26 1 41 23 33 27 58 76 55 12 8 84 34 68 3 9 90 87 97 57 69 15 88 7 43 13 45 48 92 74 42 91 11 65 93 39 46 52 62 61 98 18 10 70 71 89 75 25 32 4 85 0 86 59 22 19 14 38 73 79 28 63 50 78 60 44 53 96 35 49 47 21 2 99 77 80 31 72 81 66 67 20 56 36 
TEST 131 ARG:88 94 79 43 69 37 96 27 75 25 31 61 71 65 13 63 7 85 12 9 40 93 77 89 58 29 6 33 68 42 21 46 86 5 39 99 52 55 44 16 59 54 1 56 30 26 36 78 70 91 8 87 11 45 67 15 84 17 76 22 95 81 73 90 28 41 23 57 74 47 60 38 97 72 35 92 83 4 32 80 50 51 66 14 64 18 82 10 24 98 53 3 0 20 49 48 34 62 2 19 
TEST 132 ARG:54 46 81 37 75 17 43 91 72 53 93 92 5 88 0 33 6 85 74 19 60 31 26 45 67 4 65 79 14 23 50 35 36 15 96 30 58 55 16 57 29 3 94 44 78 63 22 71 61 51 66 41 11 64 9 84 27 8 95 28 68 48 32 21 40 25 1 62 86 82 89 56 47 12 49 42 70 10 2 52 80 18 77 7 13 73 90 38 76 39 83 69 99 20 34 59 98 87 24 97 
TEST 133 ARG:53 55 48 99 35 40 29 95 78 90 51 14 97 8 65 7 41 17 15 81 27 59 19 21 24 54 26 9 63 98 79 69 58 77 20 86 85 92 44 68 80 4 10 72 37 0 6 5 91 22 71 32 43 30 96 25 74 61 84 70 16 45 28 31 57 18 82 38 13 56 60 52 23 49 46 33 11 89 66 88 94 36 12 3 75 2 76 42 73 87 47 67 1 93 39 62 34 64 83 50 
TEST 134 ARG:70 97 81 92 80 99 7 95 29 61 1 10 22 47 8 57 76 42 96 55 15 45 82 9 56 34 63 88 59 87 4 73 91 77 12 11 74 53 32 30 25 69 33 19 51 49 0 85 67 16 86 38 83 24 36 27 93 60 90 28 21 89 78 44 48 94 58 41 5 75 2 23 13 84 20 18 46 26 14 50 66 37 39 17 65 98 6 71 31 54 40 3 64 62 79 35 68 72 52 43 
TEST 135 ARG:38 70 2 37 11 80 75 56 79 65 47 62 72 90 21 82 94 84 74 43 30 15 97 5 53 52 96 7 20 45 3 85 32 99 19 60 55 95 36 73 54 0 87 17 46 4 98 16 69 23 10 59 67 71 44 92 27 8 48 41 61 93 39 81 26 22 42 88 14 9 83 31 1 28 89 6 18 40 63 57 12 24 51 49 35 78 50 66 29 33 77 13 91 64 86 58 25 34 76 68 
TEST 136 ARG:64 47 94 80 40 69 43 36 93 77 14 70 54 71 29 22 59 60 58 19 9 12 39 42 45 32 91 51 56 68 96 97 24 8 44 61 81 57 27 25 33 20 13 4 17 76 49 37 62 63 66 88 99 18 74 86 41 10 92 30 26 82 5 55 87 16 73 34 46 48 38 84 83 52 85 3 11 50 65 35 23 21 75 53 6 7 67 89 0 15 31 28 90 1 95 72 78 79 2 98 
TEST 137 ARG:31 66 63 16 86 67 88 52 74 21 82 99 90 17 11 77 7 47 37 8 29 28 0 58 91 32 25 33 48 35 41 42 53 46 60 64 92 68 40 43 50 70 36 72 39 1 57 19 9 13 54 45 23 2 73 94 3 27 22 96 78 76 81 79 14 30 65 95 71 51 56 98 38 62 83 93 26 61 6 87 10 69 85 44 18 49 15 4 55 84 80 97 5 12 34 75 89 20 24 59 
TEST 138 ARG:16 18 58 87 13 0 78 27 22 75 21 9 66 74 42 68 33 55 29 46 86 43 10 14 83 19 96 90 28 60 24 76 37 93 25 84 69 17 54 1 20 56 7 77 73 92 65 45 52 31 26 91 4 35 30 82 81 79 57 40 67 2 53 39 44 23 48 6 5 97 32 49 50 89 70 38 12 72 95 62 99 41 34 94 71 80 11 85 15 36 61 63 88 98 51 59 64 8 47 3 
TEST 139 ARG:24 23 33 47 11 42 79 92 2 51 40 66 52 26 12 54 17 32 99 93 16 69 63 77 43 97 67 44 25 39 38 76 81 22 35 83 37 3 96 94 72 0 75 80 45 59 34 85 46 64 36 86 84 82 8 90 21 6 65 98 61 58 49 19 15 5 68 50 7 71 74 13 14 88 89 53 57 55 91 4 9 78 18 41 10 56 31 60 73 30 48 27 20 70 28 62 95 29 1 87 
TEST 140 ARG:32 86 38 27 82 21 58 94 95 79 5 52 71 8 97 48 76 65 15 66 12 26 31 80 3 34 96 17 7 61 35 74 23 90 57 72 70 68 88 98 75 87 22 43 42 89 85 64 37 6 1 20 11 39 93 62 49 47 30 55 16 60 53 78 18 24 9 2 29 59 69 36 33 91 81 0 10 14 41 40 50 84 25 92 51 45 28 99 67 54 83 46 73 13 56 4 19 77 63 44 
TEST 141 ARG:85 14 46 73 78 48 96 9 16 61 15 80 76 82 45 39 93 66 49 23 87 52 94 6 54 33 60 36 97 20 34 8 65 62 57 1 37 90 53 63 83 30 67 68 5 69 22 89 17 59 4 50 47 70 32 88 51 95 86 18 42 7 92 99 0 3 29 79 31 19 58 55 91 10 40 27 77 56 43 74 38 98 21 2 11 41 72 24 25 44 81 28 26 12 71 84 75 64 35 13 
TEST 142 ARG:6 16 43 65 58 49 38 84 56 91 55 66 87 20 85 59 12 99 30 51 41 24 83 18 92 14 40 64 76 88 34 47 61 46 96 45 68 39 62 82 32 37 93 71 2 52 28 74 73 50 86 8 54 67 0 75 17 19 94 57 48 78 27 7 44 3 33 77 25 72 1 23 80 36 70 69 42 13 26 5 89 31 9 79 21 98 11 10 81 97 4 22 90 53 63 95 15 60 29 35 
TEST 143 ARG:84 82 22 97 65 74 4 59 69 21 19 18 17 87 10 37 8 77 72 54 16 49 47 38 48 53 9 62 98 88 95 40 70 93 7 13 5 85 43 25 52 24 81 66 68 36 86 14 3 67 11 55 71 56 50 80 90 83 92 94 6 15 0 76 31 63 32 45 60 26 28 1 34 75 44 33 30 61 78 27 2 89 96 99 64 57 42 58 41 79 29 46 73 51 20 35 39 91 12 23 
TEST 144 ARG:34 38 32 68 11 13 36 0 17 95 72 54 4 24 40 99 78 42 67 6 76 51 97 48 89 33 87 56 83 23 74 75 39 22 29 46 55 21 18 35 81 12 7 61 1 20 43 41 62 86 82 60 37 66 69 80 9 91 94 47 45 85 52 79 14 44 58 15 3 63 77 88 30 2 26 10 98 8 31 65 5 93 49 50 19 96 25 84 16 28 71 73 53 90 59 27 70 64 57 92 
TEST 145 ARG:7 86 18 81 12 61 2 79 23 92 43 98 69 66 77 17 56 41 27 40 31 26 82 71 15 25 38 35 0 87 28 37 11 72 36 55 8 24 5 94 53 64 30 59 60 88 21 99 4 96 49 44 68 47 65 45 97 74 16 22 70 46 84 75 1 89 93 39 91 57 42 9 20 95 32 48 73 50 13 29 54 33 62 76 83 19 6 34 10 14 51 52 67 80 90 78 3 85 63 58 
TEST 146 ARG:59 69 37 47 16 77 93 65 43 58 54 24 6 34 81 53 56 29 50 51 0 17 36 38 13 78 33 49 44 71 97 9 61 55 14 28 41 23 73 2 40 63 85 3 7 19 20 1 83 46 64 42 35 21 79 87 86 39 89 30 68 66 96 27 98 8 67 90 60 22 32 92 84 74 91 11 45 95 70 94 25 76 31 18 48 80 72 99 52 10 4 26 75 12 57 82 5 15 88 62 
TEST 147 ARG:61 50 66 54 41 40 32 89 6 69 25 15 59 37 3 84 19 81 44 88 57 53 43 18 16 45 67 85 21 1 55 14 77 51 47 83 90 0 86 13 35 65 93 10 71 64 56 22 23 49 95 73 96 2 62 17 58 91 20 30 5 42 29 28 8 92 48 24 75 39 80 97 87 78 70 26 33 94 74 4 9 60 68 79 38 76 46 82 34 36 27 99 72 12 98 11 7 31 63 52 
TEST 148 ARG:18 79 2 26 22 7 77 68 94 54 8 20 98 81 70 74 73 35 36 15 12 96 85 57 45 31 91 29 38 14 89 90 86 40 99 13 76 30 16 83 63 39 33 71 92 43 32 6 65 64 69 84 17 23 87 28 1 78 9 66 53 72 10 5 67 50 41 61 21 55 60 42 47 25 11 19 34 44 82 75 95 62 88 3 27 24 48 93 80 37 4 46 49 59 0 58 97 52 56 51 
TEST 149 ARG:76 29 33 66 42 5 63 85 99 20 53 3 90 78 19 37 43 27 15 61 64 36 1 46 25 17 39 68 80 4 30 32 94 41 88 60 70 54 55 81 9 23 18 22 12 91 96 74 44 69 50 82 58 77 28 48 45 57 95 56 38 62 34 89 98 14 51 26 73 67 21 40 52 71 10 49 0 72 83 6 2 97 75 35 59 84 87 24 16 7 86 93 65 13 47 79 8 11 92 31 
TEST 150 ARG:50 49 23 9 46 55 24 39 73 0 54 58 19 64 93 28 29 37 21 36 18 72 45 60 83 63 41 51 10 16 88 12 59 95 40 43 69 11 4 85 98 77 86 67 80 70 61 6 42 7 48 22 74 3 34 82 27 56 25 30 26 89 90 53 97 8 2 1 68 66 75 17 44 31 47 57 96 33 15 13 91 76 32 62 5 38 52 14 79 99 84 87 65 94 71 20 35 92 78 81 
TEST 151 ARG:68 65 76 24 86 39 80 56 53 21 70 5 9 93 18 83 17 13 28 71 72 73 99 0 85 49 89 34 37 15 16 25 41 47 69 98 38 79 62 45 63 44 22 42 11 50 35 84 66 7 33 43 91 61 31 78 90 27 10 3 75 14 51 64 55 8 60 81 58 20 6 2 46 30 54 23 59 48 32 77 82 26 87 97 92 1 52 67 74 19 95 88 96 57 12 36 40 4 29 94 
TEST 152 ARG:54 10 34 25 0 94 45 12 38 90 32 78 79 58 46 4 19 89 21 88 9 6 41 18 68 62 82 87 97 3 84 22 50 52 5 24 47 7 31 76 83 95 93 11 96 81 28 40 37 99 73 16 8 44 26 64 71 80 33 55 13 86 30 35 63 56 66 53 20 77 70 39 59 42 1 48 2 92 61 14 60 49 74 27 75 85 43 72 98 69 65 23 57 29 51 17 36 91 15 67 
TEST 153 ARG:89 30 36 22 59 55 1 85 49 69 11 17 5 19 63 53 48 61 35 47 98 87 38 16 29 40 86 28 95 90 77 31 43 72 34 14 10 39 70 67 92 65 13 7 88 99 60 42 27 84 25 0 32 94 21 8 46 33 54 18 75 96 78 82 97 9 76 45 50 74 56 93 79 64 44 15 91 71 12 23 66 81 4 73 3 68 80 24 6 2 83 26 37 57 58 51 41 20 52 62 
TEST 154 ARG:98 25 78 53 40 3 71 44 59 35 74 55 16 96 17 31 19 66 11 81 50 69 10 2 62 14 58 4 7 87 60 51 85 88 47 97 39 33 12 46 67 84 86 5 15 41 48 32 34 83 28 77 27 73 37 49 52 38 26 54 1 42 22 91 79 65 43 21 57 72 82 30 68 95 23 29 80 92 75 76 45 64 93 90 0 36 8 24 63 13 18 70 9 99 94 6 61 89 20 56 
TEST 155 ARG:85 90 3 79 54 5 87 94 1 31 34 46 32 38 60 81 27 57 6 62 59 8 36 82 83 69 21 58 25 63 75 89 93 91 33 39 24 98 4 52 13 12 99 56 49 30 67 22 78 28 68 88 61 41 64 17 47 71 45 92 26 55 72 9 10 2 29 74 44 11 53 19 96 18 97 65 51 35 43 37 50 15 77 70 80 86 40 73 20 23 7 48 14 66 76 42 0 95 84 16 
TEST 156 ARG:2 44 12 37 83 53 85 84 34 49 46 6 11 72 15 0 40 52 50 57 75 65 61 32 35 28 17 69 71 74 67 90 25 27 96 81 92 58 64 4 79 7 22 62 99 66 76 41 80 88 82 23 33 63 13 70 55 24 78 16 31 45 3 39 94 38 8 26 14 95 68 18 9 43 89 91 77 30 87 86 10 56 19 97 47 29 20 1 51 73 93 5 59 48 54 36 42 98 21 60 
TEST 157 ARG:14 33 63 11 17 9 50 67 62 34 12 39 47 16 5 83 71 98 68 86 78 42 45 36 81 27 23 32 35 80 58 22 96 97 90 29 41 24 74 28 38 6 92 18 0 57 54 95 61 10 65 52 91 8 94 93 89 1 76 48 85 82 4 87 21 30 26 99 7 44 49 43 64 60 19 77 51 56 53 72 15 31 88 3 73 70 69 75 55 79 40 13 2 59 20 66 25 84 37 46 
TEST 158 ARG:22 63 5 42 91 23 75 29 88 55 28 1 61 4 59 39 92 87 50 96 52 44 34 97 80 54 7 98 56 65 41 85 95 62 9 40 46 25 94 11 12 73 19 53 21 57 31 99 26 10 0 72 33 79 68 89 27 38 30 18 43 3 78 51 48 8 69 66 45 77 49 90 74 47 14 20 13 37 16 93 58 17 36 35 15 6 32 84 86 2 83 70 64 67 82 71 76 60 81 24 
TEST 159 ARG:80 13 99 19 44 76 12 26 2 49 16 71 67 18 70 5 87 54 39 28 42 69 4 89 40 17 3 58 79 45 57 31 34 97 14 95 66 25 96 15 47 23 85 20 21 81 55 60 74 11 7 77 84 92 51 38 29 75 41 78 8 50 33 98 43 90 32 68 52 93 48 37 1 64 83 82 10 6 72 94 59 36 27 9 91 88 62 56 30 22 46 63 65 35 73 61 0 24 86 53 
TEST 160 ARG:19 3 88 64 63 94 27 74 50 48 81 66 29 45 69 0 16 80 28 2 51 5 36 87 41 38 43 70 37 34 26 44 97 47 92 58 68 61 54 14 13 32 52 60 39 62 98 65 99 76 25 77 20 10 4 40 91 75 83 49 79 15 90 35 31 30 73 86 1 18 71 93 67 23 46 33 72 21 53 8 95 56 24 84 82 22 78 96 57 85 42 55 17 11 89 12 7 59 6 9 
TEST 161 ARG:68 45 22 55 49 16 37 8 15 7 72 59 81 88 26 35 42 73 97 23 27 75 85 92 99 83 64 82 86 41 69 60 56 36 57 65 30 84 29 12 90 61 94 3 40 9 2 53 18 25 20 11 34 44 62 5 52 24 47 14 21 58 28 13 48 31 39 87 67 4 91 74 63 93 6 54 38 17 33 19 51 1 78 98 0 95 79 10 43 66 76 70 89 77 46 32 71 80 96 50 
TEST 162 ARG:57 72 69 12 27 73 31 19 3 89 8 70 88 29 43 36 80 58 99 83 25 1 63 15 86 55 66 23 51 56 44 42 93 33 75 47 17 32 9 14 82 71 90 77 30 95 2 45 91 53 40 22 60 92 74 96 10 24 78 39 68 52 76 6 37 79 67 98 0 62 4 11 81 13 38 49 5 35 18 21 54 48 50 41 87 16 26 28 20 85 64 46 61 84 59 94 97 7 34 65 
TEST 163 ARG:28 87 85 7 79 39 16 64 38 80 42 66 13 48 60 83 45 3 11 62 40 53 54 44 31 50 74 6 63 34 89 58 29 23 97 61 92 59 69 36 71 25 84 21 9 35 56 10 55 82 73 72 22 12 90 51 41 96 0 4 91 77 98 17 94 70 30 68 27 78 99 65 43 88 15 14 5 18 8 81 93 2 86 19 1 37 33 75 95 52 46 49 20 26 24 76 67 57 47 32 
TEST 164 ARG:67 56 39 9 90 42 99 19 97 86 69 84 74 49 12 17 8 43 23 53 32 60 11 73 81 38 2 70 92 14 89 13 10 16 21 65 77 44 24 29 59 22 78 96 34 1 18 98 28 66 0 33 76 31 62 87 95 61 58 40 52 35 64 75 26 37 6 30 48 54 51 91 20 46 55 27 79 15 36 82 68 63 57 25 88 85 94 47 80 3 72 93 5 71 4 83 41 50 7 45 
TEST 165 ARG:1 78 22 43 27 33 19 39 11 23 66 90 46 45 86 15 9 21 42 10 69 95 75 71 52 62 72 32 0 64 36 99 91 60 83 17 13 59 53 74 16 96 65 98 56 49 93 4 38 94 55 82 7 67 80 89 26 28 40 77 18 37 54 12 8 47 61 24 35 68 25 84 81 34 57 58 30 70 79 76 85 92 20 29 97 87 2 5 6 63 3 88 51 41 14 73 31 50 44 48 
TEST 166 ARG:22 15 99 83 76 97 13 98 80 8 67 61 25 40 50 46 6 32 29 17 81 48 30 59 41 94 45 9 93 66 70 16 55 92 26 82 23 90 49 73 64 54 2 12 62 96 89 35 0 3 72 68 4 65 18 11 57 5 74 47 69 1 95 36 53 63 10 85 58 77 27 86 71 34 52 37 56 91 31 33 14 7 88 78 44 87 24 38 19 39 42 20 60 43 21 79 51 28 84 75 
TEST 167 ARG:87 34 21 49 3 32 27 24 63 79 83 90 15 97 18 98 10 13 86 74 52 17 16 20 37 5 65 71 93 39 62 1 80 29 9 58 22 91 85 7 70 4 88 30 54 68 35 47 53 50 92 12 23 6 42 99 77 11 94 43 82 40 19 69 67 56 95 48 14 75 76 60 51 84 33 31 96 8 57 36 45 64 26 66 81 89 61 28 41 78 55 25 38 0 44 2 59 72 73 46 
TEST 168 ARG:4 37 92 52 83 61 77 22 28 75 11 47 56 45 39 80 66 88 7 54 46 97 73 76 60 93 40 19 63 91 14 36 3 27 86 81 53 58 48 34 94 51 2 12 70 65 89 79 99 6 29 32 13 59 33 96 87 44 84 82 55 18 24 17 85 30 67 49 15 41 98 57 74 21 20 16 62 71 90 25 8 5 50 26 0 72 38 23 10 43 9 35 78 1 95 42 64 69 68 31 
TEST 169 ARG:99 93 90 96 15 38 78 5 26 3 75 33 50 25 7 74 21 31 6 39 83 40 10 76 1 45 68 19 18 88 48 94 63 22 80 23 60 81 61 46 27 14 43 72 91 13 34 66 69 28 36 89 55 97 64 47 32 4 77 29 44 16 37 12 52 70 35 73 67 54 58 79 95 11 41 42 84 85 98 24 71 30 82 62 56 86 87 8 59 57 17 53 0 2 51 9 49 65 92 20 
TEST 170 ARG:47 16 59 42 0 26 6 51 74 62 76 10 91 44 33 54 99 93 73 82 12 60 18 55 88 75 4 56 78 23 11 41 5 77 95 69 83 9 46 8 14 21 65 24 22 13 68 79 25 7 1 36 19 2 94 96 34 85 37 61 86 27 67 39 89 84 71 29 48 49 35 98 3 63 90 43 58 28 32 31 52 38 66 97 53 87 17 15 81 45 50 64 72 92 40 20 30 70 57 80 
TEST 171 ARG:23 6 12 21 20 24 44 67 41 56 48 79 9 17 83 53 97 98 30 92 39 74 47 26 93 50 64 75 43 1 58 28 14 55 32 71 54 51 45 0 77 57 33 88 4 73 99 81 36 29 65 2 87 15 49 90 68 89 59 7 34 69 10 35 84 61 13 3 60 16 78 25 66 86 11 8 76 42 40 62 70 72 46 31 96 85 38 63 91 95 22 94 19 5 80 18 52 37 27 82 
TEST 172 ARG:22 19 14 93 43 31 55 64 4 61 32 94 95 74 7 41 69 68 34 80 10 47 73 98 3 51 16 38 25 33 49 37 97 2 20 42 5 35 63 9 39 78 83 29 28 58 46 75 18 13 70 91 99 84 90 66 87 76 30 24 26 23 92 50 48 36 12 0 65 81 52 40 6 56 88 82 11 57 67 59 96 21 15 54 53 44 72 77 17 71 8 60 27 79 1 62 86 89 45 85 
TEST 173 ARG:71 43 27 2 45 4 76 14 48 32 12 66 20 46 40 73 31 69 81 63 47 44 84 41 35 87 17 30 52 70 59 78 53 33 61 65 38 13 0 74 21 99 75 26 51 19 79 7 98 5 94 95 86 85 62 96 89 67 90 58 10 42 6 25 3 83 36 97 64 82 77 39 29 49 72 1 93 60 8 54 18 91 55 16 80 24 23 34 68 28 50 15 22 88 92 56 11 37 57 9 
TEST 174 ARG:24 63 96 19 28 38 84 51 23 39 13 3 4 85 99 78 5 31 67 92 47 35 6 2 82 8 15 76 43 41 40 57 61 16 69 45 89 93 83 46 17 18 81 59 1 77 25 30 86 12 87 37 32 68 73 50 55 56 66 21 36 14 7 71 9 90 42 11 27 29 97 26 74 60 48 72 0 22 75 10 54 58 91 70 33 62 98 80 49 65 44 95 88 34 20 64 94 52 53 79 
TEST 175 ARG:83 46 17 4 52 72 6 0 86 51 95 21 85 69 43 45 15 63 36 30 62 29 73 66 87 31 80 24 2 97 8 13 54 91 14 64 5 18 68 28 38 7 25 50 47 26 19 20 96 41 55 10 33 70 98 53 76 58 65 9 88 16 81 49 37 89 75 99 1 92 79 32 74 23 27 48 39 84 35 82 40 61 57 3 56 44 77 78 90 94 22 34 93 71 42 60 11 67 12 59 
TEST 176 ARG:35 10 19 64 45 91 25 15 13 14 67 4 59 94 79 56 48 44 86 81 68 7 49 22 65 74 26 6 96 42 27 11 8 55 39 2 77 17 75 5 73 41 63 92 89 36 46 69 12 88 80 24 21 62 57 50 52 99 85 51 76 97 1 47 33 87 71 61 37 38 23 83 93 31 70 78 98 43 0 82 29 30 20 53 3 66 32 40 34 95 90 28 84 60 72 58 54 9 16 18 
TEST 177 ARG:98 77 55 47 26 81 72 21 43 15 3 32 94 17 89 29 30 25 78 22 85 76 73 61 69 2 66 56 95 57 50 86 99 5 40 13 12 74 1 59 6 93 28 68 75 9 42 11 34 16 19 54 97 10 52 65 24 18 51 96 62 41 83 37 63 70 20 39 49 0 27 80 33 48 58 60 4 35 38 87 45 90 88 8 82 91 67 7 79 23 14 53 36 71 64 44 31 46 84 92 
TEST 178 ARG:67 90 28 87 14 12 57 21 45 70 59 47 37 40 82 31 94 35 63 30 42 5 58 16 78 26 85 34 72 15 54 52 32 38 86 69 65 84 27 51 25 33 89 53 24 48 71 20 0 64 80 96 76 91 3 83 8 39 19 49 93 73 56 6 95 22 75 99 11 10 62 92 36 66 7 79 74 4 97 61 1 13 18 88 23 50 41 44 46 77 2 17 60 81 55 29 43 98 9 68 
TEST 179 ARG:22 18 17 67 59 62 5 12 33 54 0 7 77 46 75 90 6 43 88 15 85 89 41 47 36 37 87 76 1 35 48 8 25 4 99 81 3 57 97 27 40 79 74 14 84 51 71 78 53 50 20 21 68 55 19 31 23 56 10 72 95 83 30 2 16 11 96 65 73 24 49 64 92 98 32 93 66 29 61 94 69 9 52 13 44 80 45 82 60 28 86 26 58 70 39 91 42 63 34 38 
TEST 180 ARG:70 3 9 52 95 45 18 94 38 42 15 90 69 56 46 13 65 92 53 64 93 47 78 88 23 77 91 68 43 49 31 97 99 37 44 40 0 33 34 71 14 35 59 2 86 63 83 76 51 16 4 50 30 73 62 58 25 36 79 12 11 8 48 24 66 67 5 89 81 74 55 75 10 17 82 72 27 41 85 96 39 28 26 6 54 20 57 22 21 87 61 7 32 80 19 84 29 1 98 60 
TEST 181 ARG:15 35 52 76 86 21 84 50 41 74 79 90 28 31 46 51 47 72 88 17 66 48 53 85 38 68 93 33 94 62 42 10 70 22 97 27 80 87 56 13 24 14 1 43 6 32 11 49 67 83 39 4 44 8 73 2 9 3 25 64 18 96 61 91 69 65 29 40 55 45 89 36 0 95 12 82 20 59 30 37 63 23 78 5 19 75 81 57 58 16 99 26 7 77 34 71 60 92 98 54 
TEST 182 ARG:29 67 94 44 23 34 36 86 78 41 55 30 14 39 27 24 45 98 54 4 69 32 15 84 53 33 6 49 92 77 10 82 71 12 18 99 59 31 73 83 70 65 62 5 13 96 40 63 37 91 1 61 35 58 48 16 72 3 17 11 56 47 38 89 93 52 42 87 57 21 64 19 50 95 66 8 26 80 97 74 2 51 7 25 68 85 46 60 79 20 75 90 76 28 81 43 9 88 22 0 
TEST 183 ARG:86 81 57 23 53 50 19 37 17 80 1 18 2 48 25 71 5 59 65 93 42 3 88 20 98 68 69 52 87 67 47 90 44 61 24 56 31 79 30 35 92 78 16 64 49 84 83 0 66 15 60 29 8 46 62 85 22 82 96 40 95 14 63 94 75 77 12 76 26 73 55 45 97 43 9 91 36 4 10 41 74 34 54 21 27 38 99 28 13 58 89 7 72 32 6 33 11 51 70 39 
TEST 184 ARG:28 41 86 59 29 51 11 25 62 10 87 15 66 19 69 18 71 90 92 72 99 84 44 30 64 6 54 42 38 36 43 20 14 74 7 78 4 55 80 9 76 98 73 96 60 88 23 32 17 24 94 12 5 34 82 50 47 26 48 79 53 46 49 68 37 35 3 89 39 45 57 2 61 22 65 70 77 31 67 21 1 8 97 16 0 63 95 93 83 13 52 27 81 33 85 58 91 75 40 56 
TEST 185 ARG:90 76 70 12 17 84 82 96 52 43 33 9 22 6 59 86 64 99 93 50 31 45 80 68 92 55 48 21 41 23 65 44 8 11 24 35 39 15 71 5 74 1 67 40 29 72 49 56 73 87 94 18 81 91 2 14 42 63 79 46 13 3 97 26 7 19 10 78 0 54 60 58 62 77 4 61 89 85 34 16 57 95 53 25 88 27 51 66 32 20 36 83 47 38 69 30 98 37 75 28 
TEST 186 ARG:2 71 27 40 45 4 93 48 52 17 87 78 54 29 43 80 26 56 98 73 70 74 94 51 10 9 90 65 83 59 3 91 75 77 49 67 63 24 42 47 79 8 86 62 66 85 5 88 23 1 69 76 7 31 19 99 33 14 84 68 25 6 22 60 0 20 82 38 35 37 55 53 12 13 64 95 32 41 72 89 96 92 15 16 97 30 58 50 81 57 21 61 28 34 18 36 46 44 39 11 
TEST 187 ARG:44 9 55 51 93 37 36 92 96 32 68 49 94 82 29 69 63 26 15 31 35 98 1 24 17 81 38 46 6 21 40 73 52 66 62 86 75 80 23 50 43 54 88 53 18 60 97 57 83 64 77 41 95 72 42 22 33 25 4 34 70 48 71 84 16 99 14 61 19 28 90 0 30 76 78 12 65 74 79 56 87 8 67 10 85 45 47 20 3 27 39 59 91 13 7 5 58 11 2 89 
TEST 188 ARG:8 46 20 34 86 37 91 44 49 70 54 45 4 92 47 18 98 62 51 56 11 7 13 3 22 72 25 23 2 19 12 38 52 75 99 80 66 10 63 32 78 58 0 64 1 29 85 50 27 71 24 88 87 95 21 57 9 93 96 76 60 6 28 67 82 77 53 68 89 40 90 59 42 94 61 5 81 79 65 15 69 16 84 14 43 30 83 26 17 41 73 97 36 48 35 33 55 74 31 39 
TEST 189 ARG:80 50 35 24 22 61 12 40 91 65 78 21 2 88 25 45 23 53 37 31 59 17 11 98 1 15 97 68 47 79 42 82 58 49 77 8 13 6 34 3 95 38 56 14 73 10 4 43 54 66 89 85 16 55 41 90 33 69 19 81 72 27 28 18 39 64 9 96 67 87 71 75 93 20 62 57 26 74 84 86 46 52 0 30 5 83 99 32 36 76 94 7 51 44 63 29 48 92 70 60 
TEST 190 ARG:98 18 80 47 52 39 35 75 99 36 48 81 6 93 24 72 57 51 45 44 58 67 61 95 70 87 74 56 9 83 37 34 3 23 13 69 84 88 10 97 16 22 46 53 65 20 29 49 4 78 17 5 15 66 90 89 62 27 25 30 64 28 76 31 26 33 94 38 63 40 85 55 92 96 1 7 50 68 86 21 12 60 77 71 43 2 73 8 54 42 59 91 14 82 32 41 19 11 0 79 
TEST 191 ARG:39 0 52 62 12 70 24 75 3 19 84 41 97 44 72 25 10 71 45 74 35 99 83 58 7 47 77 65 14 8 13 69 82 98 18 32 73 23 51 94 11 61 49 91 38 90 22 30 15 42 17 63 59 95 40 92 78 46 9 64 53 20 55 6 57 16 1 80 43 66 4 76 56 27 36 67 86 5 89 50 37 21 29 79 60 54 28 85 87 34 33 88 81 68 2 31 26 48 93 96 
TEST 192 ARG:28 90 17 50 61 82 63 53 21 92 56 96 25 7 74 26 51 93 9 4 98 22 64 46 78 1 67 65 71 57 5 24 35 11 39 81 23 38 75 68 89 59 15 87 95 34 69 47 76 8 41 48 31 42 80 40 60 88 18 16 84 10 14 6 49 86 30 27 3 29 45 99 94 62 91 33 70 32 54 20 44 12 2 0 97 19 58 66 83 37 52 13 36 43 85 77 72 73 79 55 
TEST 193 ARG:32 76 7 72 52 2 55 81 1 30 37 71 38 34 22 80 93 74 10 88 50 4 41 62 75 24 29 36 45 59 20 5 49 83 97 87 44 57 58 51 78 8 94 89 46 31 82 61 68 60 69 17 35 84 79 13 47 23 21 28 40 77 26 86 98 54 27 16 43 96 14 64 63 91 66 15 53 56 92 33 25 85 18 73 12 11 19 9 95 0 65 42 3 90 48 99 67 70 39 6 
TEST 194 ARG:61 4 60 84 36 64 98 49 34 83 13 88 82 90 71 67 9 85 99 93 35 87 96 81 80 29 97 52 68 62 32 47 18 51 7 63 15 28 70 75 25 74 43 44 45 77 8 24 20 50 41 2 0 55 22 86 69 73 58 59 78 66 94 95 48 92 30 54 27 1 23 14 33 12 89 76 38 31 72 57 19 21 6 10 79 53 65 5 16 46 40 91 56 37 17 3 39 42 26 11 
TEST 195 ARG:19 31 81 50 44 6 53 26 30 90 61 33 1 56 57 28 4 47 0 93 67 27 16 59 85 82 12 69 89 13 34 55 84 42 71 62 39 54 3 37 8 24 45 38 66 99 25 17 40 86 52 92 14 83 79 91 58 41 23 10 48 29 2 43 75 94 98 21 87 51 36 96 72 46 64 32 60 9 63 68 49 20 18 95 76 80 78 22 11 77 35 74 70 73 5 88 15 97 65 7 
TEST 196 ARG:76 1 66 94 29 14 78 15 24 91 46 39 95 92 63 82 40 25 64 73 5 47 49 56 84 61 97 48 60 85 32 83 87 4 58 57 23 34 0 3 30 42 17 31 74 12 88 81 44 55 35 50 51 45 41 99 98 86 2 21 62 89 9 6 43 59 20 38 11 79 67 72 70 28 37 19 53 8 93 33 68 77 16 22 27 10 96 69 75 80 71 36 52 13 65 18 54 90 7 26 
TEST 197 ARG:29 9 23 26 65 97 12 17 75 96 86 1 71 53 67 78 27 4 92 94 93 44 40 25 57 89 61 82 45 48 80 72 83 42 51 22 58 76 11 66 34 69 46 56 10 55 88 90 60 30 16 33 31 37 15 20 2 64 13 24 28 70 62 36 49 77 3 85 39 74 5 50 38 18 63 41 79 73 95 35 68 99 14 84 6 87 59 98 8 91 21 54 7 32 52 47 81 19 0 43 
TEST 198 ARG:18 23 41 75 55 81 54 70 48 87 68 32 63 96 93 95 84 99 15 58 85 91 60 67 13 65 77 45 8 31 61 37 94 76 4 88 24 62 40 12 22 7 50 14 98 56 73 11 30 49 89 17 46 16 42 71 36 69 90 74 29 59 78 35 53 66 25 0 51 86 83 6 92 34 5 2 43 39 72 38 9 44 97 19 52 28 47 80 1 26 3 82 79 10 57 20 21 27 64 33 
TEST 199 ARG:40 12 97 11 2 66 8 73 30 43 82 6 51 64 60 69 95 26 34 55 16 76 88 53 29 46 10 70 78 84 21 67 81 41 19 56 57 20 23 32 45 37 93 71 89 28 18 7 13 36 96 22 79 25 24 58 42 54 14 75 47 65 0 74 17 62 61 92 1 3 99 33 80 90 39 35 98 94 15 31 44 77 27 59 5 49 68 85 50 72 48 91 86 4 87 83 38 9 63 52 
TEST 200 ARG:55 81 37 1 18 7 49 16 69 20 9 24 23 14 51 84 4 63 57 26 58 72 3 48 96 33 99 47 27 90 56 36 93 88 97 70 5 95 61 13 31 87 62 83 30 91 8 40 39 80 79 64 0 98 6 21 89 29 92 94 71 46 32 60 2 11 67 52 77 42 41 35 86 85 43 78 68 28 50 74 53 44 10 82 38 12 25 73 19 54 75 59 66 17 45 76 22 65 15 34 
TEST 201 ARG:45 53 81 31 36 38 24 92 78 63 28 60 83 62 37 85 7 71 47 75 8 30 51 91 21 96 93 11 70 10 66 57 65 97 56 43 77 74 15 20 54 50 55 17 94 61 23 12 9 19 82 98 88 18 48 44 35 89 76 72 64 42 2 58 40 32 39 68 33 69 14 6 0 29 25 22 80 5 59 87 4 27 79 90 1 13 73 86 46 95 52 41 16 67 99 34 49 26 3 84 
Multiple size <= 500
TEST 1 ARG:225 -190 228 157 61 -249 220 107 -204 190 -206 32 -35 -136 44 209 232 116 59 -187 104 -180 -219 30 179 -228 194 -200 -169 49 -31 115 172 180 -241 143 67 -214 -123 91 198 147 3 231 -174 42 210 -53 -156 -56 -235 219 -33 142 -22 52 208 62 -167 89 141 168 249 -67 234 31 -155 204 169 40 96 -51 -64 -203 -60 -163 45 10 245 207 -148 240 6 8 -37 -59 233 -28 -30 241 101 -24 71 201 -250 35 82 222 55 238 99 197 -81 -143 -196 152 -49 -231 149 -166 -158 87 36 -125 -186 -87 178 105 -121 -211 215 -124 112 130 193 185 -210 -159 -178 -171 153 -44 166 -11 156 113 202 -29 160 97 -181 -96 -76 -229 203 -45 213 158 33 237 -66 -7 80 -129 -47 -245 -218 -242 200 183 -107 -83 -175 -140 139 -95 132 72 -139 -69 -62 -145 226 163 -217 -232 12 248 140 -106 46 -221 -152 -6 247 43 -197 214 -5 47 27 216 -27 5 154 110 -205 26 7 76 159 -118 218 88 134 -79 229 135 57 37 28 74 -55 -78 17 131 -54 92 -237 -151 -93 48 244 -73 148 136 -212 -135 64 -134 -146 -185 34 206 -240 56 -132 -88 84 -160 -161 108 -39 -142 -40 -103 165 144 -192 -223 -195 63 150 -202 -126 1 -43 -46 -50 -207 -172 170 93 242 -162 -3 -111 21 53 230 -244 133 118 -91 -220 -225 29 236 90 -110 -154 -153 111 -168 -41 -10 -176 -247 60 167 -61 -75 -102 -222 -243 -16 -20 162 212 65 -182 -224 -98 -14 -92 9 -238 -34 121 217 -119 100 -188 186 109 227 -112 77 14 188 -36 16 128 11 -183 138 125 -94 123 -248 -74 -4 -42 -150 -99 -199 -236 73 -90 243 83 -193 -157 41 -147 221 -230 -138 -89 4 -114 0 -17 -184 195 -131 -130 -38 -122 164 129 117 -72 -100 20 239 94 -25 -15 -57 -164 124 -216 -70 -120 161 155 -2 -165 171 -189 196 199 86 -201 -23 174 120 -26 69 -115 192 -105 211 2 -18 -133 246 -213 -113 119 -86 -63 187 -227 -127 -141 22 175 114 -233 -108 -226 -1 51 -68 -104 -209 -234 25 -84 -116 75 -215 19 -246 126 -82 79 85 -128 191 122 -32 -117 -52 -8 -149 50 182 235 -97 -58 -208 103 66 58 137 -101 205 -109 -71 177 -137 145 -85 -198 24 -65 23 -173 -12 15 -191 146 102 189 13 -80 -194 106 -77 -177 -21 78 173 223 -9 54 95 -48 70 181 -144 98 -13 184 151 -239 176 127 18 -179 38 81 224 -19 39 -170 68 
TEST 2 ARG:14 -243 53 -46 176 -133 178 249 182 -76 185 46 209 131 206 -124 65 87 112 -186 117 -81 213 -23 -127 230 -13 127 0 212 196 228 244 -85 8 -100 -214 -195 -166 30 -230 195 -106 -175 171 169 75 -92 149 199 33 -10 -187 -17 120 -117 190 -121 165 92 -151 73 -130 100 38 -239 -37 -231 -242 222 -193 -41 -156 -176 111 -52 -54 85 -79 133 17 10 -235 232 -210 55 -28 239 -211 -40 -250 -114 -103 -129 -139 137 -142 107 -226 49 -224 188 6 170 175 -77 99 218 -82 -64 -87 172 -221 -185 -18 -244 147 140 -42 72 -146 95 -172 -120 81 141 -88 187 -97 -144 -159 233 -189 -215 -83 189 71 -7 -162 -152 47 229 91 35 192 -212 194 217 157 -181 224 -180 -104 -213 -183 -219 -75 132 -34 -163 105 -228 139 -158 -154 -44 41 -73 48 -249 104 174 28 231 243 220 -135 -182 -208 11 -1 31 13 -204 22 202 -105 183 -136 -141 -179 97 70 -66 186 -177 -6 -71 83 -168 5 143 201 -108 -65 -209 -4 -248 -234 -174 64 -197 -191 -96 167 193 -246 -61 -157 -68 110 76 227 125 113 235 -86 181 -31 -63 146 198 15 1 4 67 -202 -122 159 151 -35 -72 -232 -198 234 26 -24 240 24 -125 -89 215 216 246 144 -39 -229 -227 -245 -134 -178 39 -59 129 82 45 207 -32 122 -25 32 155 -200 40 -216 123 -43 -233 247 -188 -21 27 -113 -67 -170 93 89 211 94 204 -217 156 115 128 -131 -205 -137 106 -56 118 -90 62 -9 78 -164 126 7 154 -238 21 80 135 -33 12 205 -98 36 145 90 -128 -123 -101 -236 158 121 136 -147 -115 68 -222 108 -150 37 -38 221 -70 166 -27 -94 -51 -237 -36 77 44 -171 52 223 214 -119 -49 -11 -220 57 79 -29 184 208 148 -110 -19 23 -223 173 -15 114 20 60 -116 88 -62 241 -53 -107 29 124 -55 177 18 -192 191 152 242 -190 103 164 130 59 237 69 179 163 -140 -118 -30 -161 98 101 -218 180 -194 19 160 -91 236 34 50 -20 -5 -167 -153 -132 -207 150 -99 -16 168 25 -78 200 -169 51 -47 -173 -201 58 109 -14 -225 134 -247 197 153 2 9 -111 142 74 -241 116 210 -240 -3 -93 -138 3 16 226 138 238 43 -84 -206 -102 -12 -112 119 42 63 161 -48 -165 -143 -69 -184 -145 54 -196 -74 -57 -8 102 -199 -149 -22 -160 219 -95 -148 248 86 245 61 -26 66 -155 225 203 -58 -80 96 -2 56 -45 -60 -203 -50 162 -126 84 -109 
TEST 3 ARG:35 105 -231 63 133 191 77 -146 164 -142 151 211 97 25 -119 -176 26 152 -23 -80 -205 -241 -46 112 -151 168 -223 -66 222 -38 -191 75 -125 201 50 -89 127 -250 66 -160 209 -18 -186 -67 3 217 16 200 -111 228 -90 -120 131 -206 -86 36 167 181 -115 -166 207 -53 104 -69 186 248 -58 7 -47 22 193 -41 165 101 243 24 -233 234 47 -104 28 -19 -150 156 76 30 -228 41 73 -226 89 188 74 219 247 189 -245 -179 -189 202 223 244 -84 -242 9 196 -8 -167 -78 141 129 54 -60 210 53 -212 -4 116 -244 180 99 146 72 -6 -57 18 20 -63 -24 95 103 215 -194 173 106 -138 -203 -26 -141 157 61 23 134 185 51 -144 -109 -180 -49 -65 -7 237 -116 -158 -148 -211 -145 -200 -202 172 -221 -159 -1 175 -192 212 -168 -174 32 226 213 68 -126 -197 -10 246 -35 161 135 221 -93 -83 -235 239 91 192 216 -139 122 -136 -232 -76 -249 -21 -165 241 -225 236 55 227 -121 194 -247 -181 176 214 -107 67 -222 -16 12 5 -42 -59 -239 -129 110 -163 -11 -229 -161 199 147 108 159 -39 -52 -123 126 -236 183 -184 114 178 -100 -185 -154 -20 -98 -199 -193 143 -2 220 -5 -178 -134 155 -82 -9 -118 59 80 100 142 -85 -209 -237 -170 231 -117 245 85 -124 60 46 57 204 42 -220 -12 43 -171 -27 -15 -127 109 -105 -214 27 -217 -44 -48 39 45 242 34 -22 -133 -88 -195 19 65 -137 -234 -149 -17 40 -208 14 -152 249 -207 107 -50 -43 -172 125 49 -213 145 -37 90 21 132 118 -14 48 0 113 -55 138 -224 -73 224 -210 79 -96 33 78 -147 -218 149 81 136 64 -106 38 -40 98 -188 158 -114 205 119 117 225 160 -128 4 84 -135 56 -156 58 169 -29 -13 -201 -51 235 -34 153 94 70 -75 -45 240 233 -190 140 62 -62 182 -173 -240 162 -64 115 174 -61 -227 2 -230 184 71 -68 -155 -122 206 -187 163 154 29 229 -81 -97 52 170 15 208 -157 87 -101 -215 17 -54 -183 -177 230 218 -131 69 88 203 137 123 120 -175 -30 190 -162 31 238 -219 -99 130 -56 -140 -248 8 -196 96 -143 177 232 171 128 -91 -32 92 -25 -33 179 166 13 187 1 -72 -95 -94 -102 197 195 -92 -71 148 -216 93 -108 -28 -238 -112 -169 102 -77 -130 -110 -182 124 -87 -3 -70 -243 -74 111 198 -198 83 -153 139 10 -132 144 82 -246 86 11 -31 121 6 150 37 -204 -36 -103 -113 44 -79 -164 
TEST 4 ARG:100 -194 -231 182 53 -171 -2 -156 -10 -124 -184 -204 -140 235 -227 241 35 -199 -21 -123 34 239 -71 -16 220 151 101 198 -19 -73 121 -65 -130 -100 217 197 -151 119 0 234 78 -90 -18 -139 19 -246 227 -166 -119 -187 173 204 208 -17 -193 -202 -238 193 -150 137 -240 -245 -190 -51 -152 16 -214 -106 187 -84 -42 -118 -83 206 143 165 176 -38 -107 230 211 66 95 -12 -76 159 -31 -138 -95 112 -6 -160 -168 49 -249 -33 221 -108 -178 -192 -63 -122 -129 -59 116 -78 -172 130 7 -153 111 -210 43 -72 195 70 73 -81 -15 -142 20 129 -207 -116 -146 -211 94 -206 -28 -3 155 232 41 -154 213 160 -41 4 139 -143 52 -110 -196 225 -137 3 -228 -88 76 -212 -221 -162 -163 103 189 102 -23 58 184 -53 138 171 47 -50 23 -149 -22 -203 134 -30 133 -113 183 77 -57 209 214 163 -52 -74 31 224 11 29 136 -9 28 216 245 -24 88 45 63 126 -103 140 128 154 -40 -75 -44 -61 83 84 -232 2 191 153 229 196 -215 218 -180 -218 71 15 6 -229 -220 247 -37 44 90 74 125 142 147 -48 -47 240 -102 158 -87 150 -191 -242 10 79 -11 -176 -147 236 -39 233 -131 -45 -134 48 -62 -64 50 92 145 164 -20 -56 -121 -165 -89 22 55 104 -173 -55 85 194 -132 -36 242 -217 9 -157 107 -201 69 -97 141 -86 115 -236 -77 -144 -101 1 212 178 210 -198 87 231 -161 81 -85 30 37 89 -79 223 -115 180 -66 68 -159 -27 168 169 -170 188 110 199 -188 122 -60 57 -92 -186 60 167 -225 123 -136 56 -112 -223 -169 61 219 59 97 144 75 96 156 -135 -183 64 -125 -58 149 -250 -197 -205 222 13 98 172 201 177 157 -158 -126 -54 46 -213 -99 200 -32 12 -67 -167 -244 -234 65 -179 -35 54 -195 146 -93 -96 -29 -226 -109 8 205 32 -141 -241 203 170 175 -7 -104 -237 108 -68 67 -1 -235 -248 -164 -148 148 14 18 -114 -25 38 -243 162 -26 -145 -155 -133 -219 -120 -43 237 244 -46 72 105 26 118 181 -174 152 -233 185 -4 -181 5 -239 109 202 -69 243 -127 21 -80 -185 -70 192 -247 39 33 82 228 62 190 -117 117 25 179 -82 51 124 -98 166 246 91 -91 -216 24 249 -208 -175 36 248 226 40 -177 17 -182 135 127 114 -111 -224 -14 -200 -34 80 99 -230 -8 207 -222 -189 86 131 -5 -209 215 -49 42 113 93 186 161 132 -128 120 238 -94 -13 -105 27 106 174 
TEST 5 ARG:215 -100 186 -80 242 -3 -127 128 74 -184 8 -224 226 209 162 115 -41 -141 -51 33 105 34 -200 -225 -142 -95 -159 -55 -43 164 -101 112 -64 -193 -104 -111 246 61 110 117 -148 25 -230 63 207 116 -213 58 -123 -110 -151 -248 -119 -196 183 212 -122 -161 247 -144 -241 -109 -205 -194 -121 -222 119 -226 -199 -9 -167 175 -18 13 -195 57 -29 -96 223 -206 12 -71 -90 -189 -112 202 -125 40 -202 -245 -174 114 150 111 -246 3 -229 192 -57 221 160 245 6 14 136 214 27 -243 248 79 231 189 174 -2 -190 77 204 -78 -129 -198 -180 -14 -242 19 -219 -97 -63 21 -150 -153 -156 -33 35 -173 -240 146 -30 213 187 -69 -166 -120 -162 205 -215 210 239 32 -221 59 -12 158 106 100 154 9 101 -48 -11 -214 71 36 67 76 222 -207 22 127 -238 138 -73 -32 133 -211 179 43 98 -169 -178 151 11 -149 -1 -25 -113 -133 196 124 -227 -84 -54 -158 -89 224 89 -53 -175 229 -212 148 -116 52 -94 -216 -49 73 -218 78 2 -118 118 65 -15 -68 -98 -52 166 -39 135 -155 -65 203 190 -114 -191 50 53 -28 51 230 -72 68 10 -40 92 0 184 225 -7 194 -115 -128 -13 -79 159 -21 86 -85 144 170 60 219 38 233 -234 24 227 249 -247 5 -60 201 -130 -36 -177 -152 178 -38 54 -8 90 1 208 181 140 195 241 -160 -62 113 147 157 198 84 129 91 44 -16 -249 -135 197 56 82 16 55 -231 -31 20 134 -138 199 62 81 185 -179 -140 -186 218 -22 -220 182 -197 137 -137 -92 -232 -172 104 121 -170 -19 167 131 -203 216 -99 180 -27 -108 107 -132 -204 -26 163 172 108 -182 102 41 -235 -136 130 -192 191 -82 -124 220 -165 -45 -244 -59 -187 26 -88 -201 -183 -126 -171 37 122 -75 -87 -24 -102 188 217 69 123 -91 -228 -210 176 -106 -5 -164 125 244 -181 87 238 -4 -107 39 42 152 153 72 48 -50 -236 234 155 145 200 75 94 169 240 80 165 96 -56 -44 -250 -163 -35 -61 17 -6 83 85 -58 177 97 193 -154 -168 139 109 -131 126 132 120 161 171 -188 -185 228 -37 4 -66 -74 143 46 49 29 -34 70 31 -147 -42 -223 -105 28 -217 66 168 -83 -67 -70 -145 237 -77 103 -86 -143 -117 206 141 -139 30 88 -103 15 211 -76 45 23 -239 -10 -93 -17 64 47 18 -146 -134 -157 173 235 99 149 -176 -20 -209 -208 93 7 156 236 95 -46 -81 -23 232 142 243 -237 -47 -233 
TEST 6 ARG:194 -57 133 -159 90 105 -87 -183 -180 -217 77 36 232 62 -137 15 29 -88 8 -151 -54 1 -172 -228 -122 138 215 201 24 164 151 -214 249 74 -130 -203 69 -220 -50 -248 -11 -80 -142 157 -96 149 -75 -22 -179 179 -90 -226 -212 53 208 124 56 242 -194 75 -21 -181 178 230 241 52 -177 -166 61 -126 -211 -163 88 101 240 -236 216 71 -205 0 48 2 -9 235 -89 -92 -18 -99 244 203 174 -10 -162 107 -121 81 -116 -221 3 -84 -37 -94 -185 91 197 -106 189 -27 -195 123 -147 -206 139 96 -61 -168 220 -24 129 -3 137 165 30 234 -20 -190 -83 63 80 247 180 199 19 206 -2 239 -65 225 169 -43 125 243 -67 -72 -108 128 213 198 85 142 -77 -161 -98 -68 55 28 236 14 -215 27 57 89 132 -246 245 -222 115 10 188 -158 66 -229 -118 -58 -124 224 -218 32 -188 221 -245 135 -157 -244 113 58 -167 70 4 -66 -176 -131 -150 -241 214 -60 177 212 -120 118 -155 159 37 -47 -111 191 -38 40 -134 -69 93 134 5 -141 -52 64 -132 182 209 -232 192 237 152 155 173 -225 211 51 183 50 39 -32 -198 -182 45 223 -14 207 76 -17 -165 175 233 -31 -247 35 145 176 161 196 -234 31 -153 -174 -109 84 -25 92 -224 -242 42 25 -53 204 -4 -39 49 -35 -250 -26 -149 -133 246 6 181 162 148 119 114 184 150 -184 -91 -148 -1 72 -164 -187 -110 126 -117 -156 102 -186 -19 86 136 -139 -81 -197 -238 166 172 7 210 95 20 218 12 -237 -45 -86 -28 -115 -103 130 141 143 227 13 26 -44 -51 43 -178 11 -154 120 -128 217 33 -119 47 -235 238 -231 -175 160 60 248 94 -63 -6 -125 231 21 -219 170 117 -74 121 222 -170 187 -239 -105 -46 106 -202 -216 205 140 108 68 54 -249 229 116 -5 -208 -23 -13 -97 158 -102 -8 154 -101 -85 -78 -192 23 112 -49 -29 -193 -64 -146 -204 -100 163 103 -144 -30 -138 -200 -71 219 127 228 109 -240 9 83 202 -104 -152 97 67 -79 -123 -233 144 -36 -173 -127 -93 -56 -145 185 -15 -136 195 -70 38 -95 -59 59 -209 99 111 -73 153 -213 -171 65 -55 73 -230 18 -227 190 -135 46 104 -42 -48 -41 -107 -189 41 -16 98 131 -113 -243 -143 82 34 -114 -196 87 156 100 16 122 -207 -34 193 -169 22 147 -62 -40 -210 186 -33 226 -82 -112 78 -7 -160 146 44 -129 -201 167 79 171 200 168 -140 -191 -199 110 17 -223 -76 -12 
TEST 7 ARG:137 -131 -250 -34 -218 146 4 -155 -127 -223 -153 174 229 -193 -4 -108 -206 245 -99 173 130 198 180 -228 95 -26 10 82 209 194 147 27 -53 -83 111 156 -143 7 83 -73 208 -148 34 -42 171 -214 -133 36 -59 243 -183 -22 2 88 -25 -212 -224 -94 -189 -209 99 221 -103 28 -126 185 -84 43 -38 151 101 -181 91 42 -104 -203 85 81 152 -77 -61 -142 -88 18 -80 49 -35 -23 188 -230 -136 -112 -242 -41 104 -31 12 1 -234 60 248 -219 80 219 204 117 -244 167 -239 66 -111 -163 -28 201 -191 100 -12 -222 -48 159 165 -128 -98 -129 53 -27 -76 -237 -50 -186 132 -67 -36 -63 -200 217 107 -95 -72 129 -3 -24 164 138 -86 -125 211 -117 37 -113 -91 -45 -162 13 -147 178 73 -135 44 -231 29 -74 45 -149 -157 54 115 143 228 -175 183 244 -213 -60 -102 -233 -229 97 122 -10 -204 -33 17 113 59 197 160 -65 -161 3 -227 -100 -106 -97 -235 56 79 -236 46 87 -109 6 -152 -82 247 -75 -159 168 63 169 -17 -226 114 25 -241 200 0 24 -225 -121 -13 -49 -210 172 -240 206 -124 -173 163 -196 -123 240 -89 234 212 11 -110 133 69 118 64 -194 237 140 158 65 77 157 -171 223 -16 142 76 8 207 -169 22 -145 -56 -51 -120 35 48 -81 -243 141 20 187 62 -2 119 177 21 -54 92 139 -172 15 -15 226 161 -14 170 150 220 128 214 -64 -221 -215 -68 149 32 191 186 -198 -93 218 190 -90 96 -182 227 235 -178 39 -37 33 -150 145 47 116 106 71 -247 16 14 19 102 -96 127 31 -246 -184 -19 55 -165 -205 125 131 -5 -177 176 135 -71 148 -151 -87 202 144 -166 -174 30 68 9 84 -32 -85 57 -216 93 239 -21 67 41 225 -79 -115 -7 -238 249 -20 58 94 -170 75 232 213 -195 109 98 -167 26 -30 236 -62 -92 -192 -8 -46 -180 182 -156 -139 23 -208 216 -245 121 210 222 -44 61 196 -179 -217 -6 153 50 203 -176 -52 -58 -248 -18 105 78 -249 233 38 189 -141 40 -132 136 -29 238 246 89 134 -9 -39 -232 -66 112 -188 -105 205 -118 -211 -197 215 -70 120 123 86 -78 -146 -190 -158 -202 -47 192 -134 -40 -130 -140 224 -11 242 181 74 -137 -57 124 -199 175 5 52 108 -43 -154 184 -69 -201 -160 -185 199 -119 241 154 230 -1 -144 -122 -55 179 -101 51 90 -114 -107 -116 166 -207 231 110 -220 70 103 -168 126 195 -187 162 72 -138 155 193 -164 
TEST 8 ARG:180 -124 148 22 -160 198 -173 -116 -5 -12 -246 -98 -211 -169 207 -35 -39 56 115 206 -28 93 -95 -167 221 249 3 142 182 -195 158 -37 209 29 -159 -26 202 -59 231 43 40 153 -233 -137 -69 -73 77 -47 134 66 114 -176 205 26 200 -108 59 -90 -10 -240 125 118 -78 -128 192 100 229 44 -16 -186 -193 162 72 132 99 179 248 196 -216 -88 -202 211 140 -107 -131 48 12 222 37 62 155 107 -113 127 73 18 90 161 -210 55 -201 -227 -134 65 -9 -75 160 75 150 34 136 9 47 -7 41 -158 -121 -129 246 -219 -65 230 -231 54 -81 82 165 201 -105 177 -183 -198 -208 133 -217 -204 -215 81 2 -58 130 120 -222 67 38 -224 -83 92 61 -46 186 103 -236 -151 -52 -41 57 170 -185 106 -247 71 131 42 -232 -94 237 -184 33 0 -92 228 173 -119 188 -125 46 91 -93 -112 169 -203 -117 111 -188 -161 -55 145 -50 5 -187 -157 -51 104 36 -179 119 -96 -60 -153 45 -110 80 234 96 -42 175 137 216 -68 52 -226 1 -243 144 -228 -244 163 235 -44 -104 117 -19 -127 14 -76 10 -237 204 -197 -145 -242 74 102 -80 183 -66 212 -152 -230 -57 242 85 -235 -206 49 83 -149 -18 -53 -238 -30 -4 -148 30 154 -218 -199 -32 190 51 123 -114 -156 7 69 87 21 -14 191 240 220 -136 -205 -56 152 218 171 174 -177 -123 215 24 -2 -133 128 124 -162 68 243 203 -130 109 159 138 -245 39 -194 -166 -150 194 213 108 86 -120 -82 19 -38 -102 245 226 -20 -17 94 4 112 121 -126 -77 -229 129 -234 168 -115 -163 236 -22 -141 214 -43 197 -171 199 -34 -25 -54 -3 84 156 -49 166 -175 195 88 -63 11 -170 -213 50 -239 -248 193 217 210 -40 -11 -191 -180 -6 -31 -174 -111 -91 -45 76 232 208 79 -33 149 -103 -118 184 -23 -135 -220 27 70 185 225 151 -143 -196 20 187 -172 244 -155 -209 -79 -15 -144 147 126 32 -99 -72 -139 -84 -122 -189 15 -27 116 -221 31 25 176 -142 63 -132 16 239 -182 -13 178 -24 -223 -70 -1 181 224 -241 53 -100 -67 233 -147 -168 -97 -225 13 -106 -89 -140 17 -85 -214 110 8 157 113 -207 238 139 189 -192 23 143 -29 97 64 -212 -178 -64 135 58 95 -8 89 -71 -101 241 223 -190 167 -74 -61 164 219 141 98 -48 -86 -21 -165 227 146 -146 247 28 60 -154 -200 -250 -164 -87 -62 78 6 -36 -109 172 105 35 -249 101 -138 -181 122 
TEST 9 ARG:16 -132 -62 -79 -58 -66 133 -81 -93 208 219 -27 196 -236 -95 -135 -19 -205 84 -73 94 -154 -134 78 102 -165 -247 113 33 -9 91 239 164 -219 -84 47 -137 159 55 34 -202 185 65 236 222 -185 -130 -78 -42 -47 -82 130 20 -13 -59 -48 -173 45 -167 14 -28 -164 181 -7 200 0 -240 247 234 -83 58 -35 66 145 108 215 126 -39 243 43 -32 -151 -108 -72 201 74 -107 111 -195 228 39 -145 -160 -223 -14 176 249 -209 85 77 17 51 233 198 -192 139 -89 72 -69 217 -52 -113 96 90 -224 -74 -144 218 21 97 184 175 -141 -221 38 134 242 -131 49 10 87 -229 -249 -204 248 -100 -177 -186 232 146 -8 195 -208 -54 31 244 129 -206 174 36 -244 160 158 173 -24 -180 50 -149 143 -245 24 166 140 -117 -198 -178 -232 -21 121 -92 245 193 -248 -171 -128 231 -44 -189 -4 2 128 95 -250 122 104 59 202 -127 4 -237 180 -166 157 -96 -50 227 103 -234 -105 -87 171 29 241 117 22 142 226 -77 -212 -146 23 -26 -22 40 92 -1 -188 37 206 212 -157 -170 -161 -124 -2 -197 -235 186 -16 -65 -98 -15 42 149 240 -138 187 -174 -222 26 -67 211 -207 -172 -147 -218 188 153 -121 -38 168 57 124 35 -63 213 -116 -71 89 -55 -215 -101 -119 -227 -153 -23 -183 -179 -194 -242 -156 -45 -106 230 -241 -226 -162 155 152 -53 -216 27 -6 210 209 86 156 -193 203 81 125 30 -97 154 -49 135 194 -139 -230 -120 -140 -126 -239 -233 162 -112 110 177 170 -238 197 79 -129 237 -25 -37 -41 -60 -211 -115 6 -187 11 67 138 -159 224 207 -148 83 -176 -163 141 1 70 -85 -94 -199 229 131 93 -18 148 114 19 32 183 101 123 165 -123 8 28 99 -122 -143 -70 189 76 -68 179 -10 60 -33 -31 -133 -5 225 -213 -114 -109 88 -20 -90 246 -103 192 -118 53 120 -91 56 -40 -155 12 167 -184 15 -152 105 -220 -3 -150 13 5 115 -203 25 137 127 199 41 -104 3 82 71 136 9 -214 163 -61 216 169 54 75 238 -125 214 63 223 150 -51 -88 -56 109 -86 -64 -34 18 220 73 161 -99 -175 -11 64 190 -190 -243 151 144 147 -168 -228 -30 -12 191 -225 48 235 44 205 -169 -181 221 118 68 119 132 172 -17 62 52 98 -43 -200 -36 -110 -201 -102 -158 -111 -196 -29 100 46 -136 -182 -217 112 106 -191 61 -210 7 -142 -57 -46 116 182 69 80 107 -80 204 -76 -246 178 -231 -75 
